%Time [ms]	Commanded Torque [mNm]	Angular Velocity [RPM]	Actual Current [Amp]	%2/10/20261:39 PM
0.000	0.000	0.000	0.000
20.000	4.000	-7.812	-0.022
30.000	4.000	-7.812	-0.022
40.000	4.000	-25.391	-0.015
50.000	4.000	-25.391	-0.015
60.000	4.000	-25.391	-0.015
70.000	4.000	-9.766	-0.009
80.000	4.000	-9.766	-0.009
90.000	4.000	-9.766	-0.009
100.000	4.000	-29.297	-0.013
110.000	4.000	-29.297	-0.013
120.000	4.000	-29.297	-0.013
130.000	4.000	-41.016	-0.033
140.000	4.000	-41.016	-0.033
150.000	4.000	-41.016	-0.033
160.000	4.000	-3.906	-0.004
170.000	4.000	-3.906	-0.004
180.000	4.000	-3.906	-0.004
190.000	4.000	-33.203	-0.026
200.000	4.000	-33.203	-0.026
210.000	4.000	-33.203	-0.026
220.000	4.000	-39.062	-0.022
230.000	4.000	-39.062	-0.022
240.000	4.000	-39.062	-0.022
250.000	4.000	-52.734	-0.017
260.000	4.000	-52.734	-0.017
270.000	4.000	-52.734	-0.017
280.000	4.000	-21.484	-0.018
290.000	4.000	-21.484	-0.018
300.000	4.000	-21.484	-0.018
310.000	4.000	-5.859	-0.020
320.000	4.000	-5.859	-0.020
330.000	4.000	-5.859	-0.020
340.000	4.000	-33.203	-0.035
350.000	4.000	-33.203	-0.035
360.000	4.000	-33.203	-0.035
370.000	4.000	-13.672	-0.019
380.000	4.000	-13.672	-0.019
390.000	4.000	-13.672	-0.019
400.000	4.000	7.812	-0.021
410.000	4.000	7.812	-0.021
420.000	4.000	7.812	-0.021
430.000	4.000	-7.812	-0.015
440.000	4.000	-7.812	-0.015
450.000	4.000	-7.812	-0.015
460.000	4.000	-7.812	-0.020
470.000	4.000	-7.812	-0.020
480.000	4.000	-7.812	-0.020
490.000	4.000	-23.437	-0.033
500.000	4.000	-23.437	-0.033
510.000	4.000	-23.437	-0.033
520.000	4.000	-13.672	-0.015
530.000	4.000	-13.672	-0.015
540.000	4.000	-13.672	-0.015
550.000	4.000	-5.859	-0.028
560.000	4.000	-5.859	-0.028
570.000	4.000	-5.859	-0.028
580.000	4.000	-13.672	-0.028
590.000	4.000	-13.672	-0.028
600.000	4.000	-13.672	-0.028
610.000	4.000	-17.578	-0.012
620.000	4.000	-17.578	-0.012
630.000	4.000	-17.578	-0.012
640.000	4.000	-9.766	-0.036
650.000	4.000	-9.766	-0.036
660.000	4.000	-9.766	-0.036
670.000	4.000	-15.625	-0.042
680.000	4.000	-15.625	-0.042
690.000	4.000	-15.625	-0.042
700.000	4.000	-54.687	-0.013
710.000	4.000	-54.687	-0.013
720.000	4.000	-54.687	-0.013
730.000	4.000	-39.062	-0.005
740.000	4.000	-39.062	-0.005
750.000	4.000	-39.062	-0.005
760.000	4.000	-25.391	-0.024
770.000	4.000	-25.391	-0.024
780.000	4.000	-25.391	-0.024
790.000	4.000	-3.906	-0.025
800.000	4.000	-3.906	-0.025
810.000	4.000	-3.906	-0.025
820.000	4.000	-52.734	-0.016
830.000	4.000	-52.734	-0.016
840.000	4.000	-52.734	-0.016
850.000	4.000	-48.828	-0.012
860.000	4.000	-48.828	-0.012
870.000	4.000	-48.828	-0.012
880.000	4.000	-41.016	-0.031
890.000	4.000	-41.016	-0.031
900.000	4.000	-41.016	-0.031
910.000	4.000	-7.812	-0.044
920.000	4.000	-7.812	-0.044
930.000	4.000	-7.812	-0.044
940.000	4.000	-15.625	-0.029
950.000	4.000	-15.625	-0.029
960.000	4.000	-15.625	-0.029
970.000	4.000	-42.969	-0.006
980.000	4.000	-42.969	-0.006
990.000	4.000	-42.969	-0.006
1000.000	4.000	0.000	-0.014
1010.000	4.000	0.000	-0.014
1020.000	4.000	0.000	-0.014
1030.000	4.000	-37.109	-0.010
1040.000	4.000	-37.109	-0.010
1050.000	4.000	-37.109	-0.010
1060.000	4.000	-21.484	-0.027
1070.000	4.000	-21.484	-0.027
1080.000	4.000	-21.484	-0.027
1090.000	4.000	-5.859	0.023
1100.000	4.000	-5.859	0.023
1110.000	4.000	-5.859	0.023
1120.000	4.000	-44.922	0.079
1130.000	4.000	-44.922	0.079
1140.000	4.000	-44.922	0.079
1150.000	4.000	-37.109	0.076
1160.000	4.000	-37.109	0.076
1170.000	4.000	-37.109	0.076
1180.000	4.000	-19.531	0.082
1190.000	4.000	-19.531	0.082
1200.000	4.000	-19.531	0.082
1210.000	4.000	7.812	0.095
1220.000	4.000	7.812	0.095
1230.000	4.000	7.812	0.095
1240.000	4.000	-48.828	0.101
1250.000	4.000	-48.828	0.101
1260.000	4.000	-48.828	0.101
1270.000	4.000	-44.922	0.104
1280.000	4.000	-44.922	0.104
1290.000	4.000	-44.922	0.104
1300.000	4.000	-19.531	0.094
1310.000	4.000	-19.531	0.094
1320.000	4.000	-19.531	0.094
1330.000	4.000	1.953	0.092
1340.000	4.000	1.953	0.092
1350.000	4.000	1.953	0.092
1360.000	4.000	13.672	0.074
1370.000	4.000	13.672	0.074
1380.000	4.000	13.672	0.074
1390.000	4.000	39.062	0.107
1400.000	4.000	39.062	0.107
1410.000	4.000	39.062	0.107
1420.000	4.000	-25.391	0.103
1430.000	4.000	-25.391	0.103
1440.000	4.000	-25.391	0.103
1450.000	4.000	17.578	0.100
1460.000	4.000	17.578	0.100
1470.000	4.000	17.578	0.100
1480.000	4.000	35.156	0.101
1490.000	4.000	35.156	0.101
1500.000	4.000	35.156	0.101
1510.000	4.000	21.484	0.087
1520.000	4.000	21.484	0.087
1530.000	4.000	21.484	0.087
1540.000	4.000	58.594	0.105
1550.000	4.000	58.594	0.105
1560.000	4.000	58.594	0.105
1570.000	4.000	39.062	0.089
1580.000	4.000	39.062	0.089
1590.000	4.000	39.062	0.089
1600.000	4.000	17.578	0.085
1610.000	4.000	17.578	0.085
1620.000	4.000	17.578	0.085
1630.000	4.000	56.641	0.091
1640.000	4.000	56.641	0.091
1650.000	4.000	56.641	0.091
1660.000	4.000	33.203	0.110
1670.000	4.000	33.203	0.110
1680.000	4.000	33.203	0.110
1690.000	4.000	39.062	0.083
1700.000	4.000	39.062	0.083
1710.000	4.000	39.062	0.083
1720.000	4.000	50.781	0.099
1730.000	4.000	50.781	0.099
1740.000	4.000	50.781	0.099
1750.000	4.000	35.156	0.100
1760.000	4.000	35.156	0.100
1770.000	4.000	35.156	0.100
1780.000	4.000	80.078	0.103
1790.000	4.000	80.078	0.103
1800.000	4.000	80.078	0.103
1810.000	4.000	87.891	0.103
1820.000	4.000	87.891	0.103
1830.000	4.000	87.891	0.103
1840.000	4.000	58.594	0.095
1850.000	4.000	58.594	0.095
1860.000	4.000	58.594	0.095
1870.000	4.000	76.172	0.090
1880.000	4.000	76.172	0.090
1890.000	4.000	76.172	0.090
1900.000	4.000	99.609	0.107
1910.000	4.000	99.609	0.107
1920.000	4.000	99.609	0.107
1930.000	4.000	111.328	0.085
1940.000	4.000	111.328	0.085
1950.000	4.000	111.328	0.085
1960.000	4.000	109.375	0.094
1970.000	4.000	109.375	0.094
1980.000	4.000	109.375	0.094
1990.000	4.000	101.562	0.095
2000.000	4.000	101.562	0.095
2010.000	4.000	101.562	0.095
2020.000	4.000	91.797	0.095
2030.000	4.000	91.797	0.095
2040.000	4.000	91.797	0.095
2050.000	4.000	74.219	0.109
2060.000	4.000	74.219	0.109
2070.000	4.000	74.219	0.109
2080.000	4.000	109.375	0.075
2090.000	4.000	109.375	0.075
2100.000	4.000	109.375	0.075
2110.000	4.000	121.094	0.115
2120.000	4.000	121.094	0.115
2130.000	4.000	121.094	0.115
2140.000	4.000	136.719	0.102
2150.000	4.000	136.719	0.102
2160.000	4.000	136.719	0.102
2170.000	4.000	103.516	0.103
2180.000	4.000	103.516	0.103
2190.000	4.000	103.516	0.103
2200.000	4.000	115.234	0.084
2210.000	4.000	115.234	0.084
2220.000	4.000	115.234	0.084
2230.000	4.000	134.766	0.120
2240.000	4.000	134.766	0.120
2250.000	4.000	134.766	0.120
2260.000	4.000	119.141	0.090
2270.000	4.000	119.141	0.090
2280.000	4.000	119.141	0.090
2290.000	4.000	134.766	0.085
2300.000	4.000	134.766	0.085
2310.000	4.000	134.766	0.085
2320.000	4.000	125.000	0.111
2330.000	4.000	125.000	0.111
2340.000	4.000	125.000	0.111
2350.000	4.000	164.062	0.096
2360.000	4.000	164.062	0.096
2370.000	4.000	164.062	0.096
2380.000	4.000	156.250	0.106
2390.000	4.000	156.250	0.106
2400.000	4.000	156.250	0.106
2410.000	4.000	142.578	0.119
2420.000	4.000	142.578	0.119
2430.000	4.000	142.578	0.119
2440.000	4.000	158.203	0.101
2450.000	4.000	158.203	0.101
2460.000	4.000	158.203	0.101
2470.000	4.000	181.641	0.095
2480.000	4.000	181.641	0.095
2490.000	4.000	181.641	0.095
2500.000	4.000	138.672	0.097
2510.000	4.000	138.672	0.097
2520.000	4.000	138.672	0.097
2530.000	4.000	167.969	0.079
2540.000	4.000	167.969	0.079
2550.000	4.000	167.969	0.079
2560.000	4.000	162.109	0.077
2570.000	4.000	162.109	0.077
2580.000	4.000	162.109	0.077
2590.000	4.000	177.734	0.111
2600.000	4.000	177.734	0.111
2610.000	4.000	177.734	0.111
2620.000	4.000	164.062	0.107
2630.000	4.000	164.062	0.107
2640.000	4.000	164.062	0.107
2650.000	4.000	162.109	0.083
2660.000	4.000	162.109	0.083
2670.000	4.000	162.109	0.083
2680.000	4.000	169.922	0.079
2690.000	4.000	169.922	0.079
2700.000	4.000	169.922	0.079
2710.000	4.000	195.312	0.107
2720.000	4.000	195.312	0.107
2730.000	4.000	195.312	0.107
2740.000	4.000	201.172	0.103
2750.000	4.000	201.172	0.103
2760.000	4.000	201.172	0.103
2770.000	4.000	179.687	0.111
2780.000	4.000	179.687	0.111
2790.000	4.000	179.687	0.111
2800.000	4.000	173.828	0.091
2810.000	4.000	173.828	0.091
2820.000	4.000	173.828	0.091
2830.000	4.000	207.031	0.104
2840.000	4.000	207.031	0.104
2850.000	4.000	207.031	0.104
2860.000	4.000	187.500	0.090
2870.000	4.000	187.500	0.090
2880.000	4.000	187.500	0.090
2890.000	4.000	191.406	0.115
2900.000	4.000	191.406	0.115
2910.000	4.000	191.406	0.115
2920.000	4.000	183.594	0.101
2930.000	4.000	183.594	0.101
2940.000	4.000	183.594	0.101
2950.000	4.000	216.797	0.107
2960.000	4.000	216.797	0.107
2970.000	4.000	216.797	0.107
2980.000	4.000	199.219	0.096
2990.000	4.000	199.219	0.096
3000.000	4.000	199.219	0.096
3010.000	4.000	195.312	0.087
3020.000	4.000	195.312	0.087
3030.000	4.000	195.312	0.087
3040.000	4.000	232.422	0.101
3050.000	4.000	232.422	0.101
3060.000	4.000	232.422	0.101
3070.000	4.000	214.844	0.088
3080.000	4.000	214.844	0.088
3090.000	4.000	214.844	0.088
3100.000	4.000	222.656	0.107
3110.000	4.000	222.656	0.107
3120.000	4.000	222.656	0.107
3130.000	4.000	205.078	0.097
3140.000	4.000	205.078	0.097
3150.000	4.000	205.078	0.097
3160.000	4.000	222.656	0.114
3170.000	4.000	222.656	0.114
3180.000	4.000	222.656	0.114
3190.000	4.000	246.094	0.074
3200.000	4.000	246.094	0.074
3210.000	4.000	246.094	0.074
3220.000	4.000	265.625	0.082
3230.000	4.000	265.625	0.082
3240.000	4.000	265.625	0.082
3250.000	4.000	257.812	0.105
3260.000	4.000	257.812	0.105
3270.000	4.000	257.812	0.105
3280.000	4.000	250.000	0.122
3290.000	4.000	250.000	0.122
3300.000	4.000	250.000	0.122
3310.000	4.000	232.422	0.110
3320.000	4.000	232.422	0.110
3330.000	4.000	232.422	0.110
3340.000	4.000	251.953	0.094
3350.000	4.000	251.953	0.094
3360.000	4.000	251.953	0.094
3370.000	4.000	271.484	0.101
3380.000	4.000	271.484	0.101
3390.000	4.000	271.484	0.101
3400.000	4.000	255.859	0.103
3410.000	4.000	255.859	0.103
3420.000	4.000	255.859	0.103
3430.000	4.000	279.297	0.084
3440.000	4.000	279.297	0.084
3450.000	4.000	279.297	0.084
3460.000	4.000	273.437	0.090
3470.000	4.000	273.437	0.090
3480.000	4.000	273.437	0.090
3490.000	4.000	259.766	0.118
3500.000	4.000	259.766	0.118
3510.000	4.000	259.766	0.118
3520.000	4.000	259.766	0.108
3530.000	4.000	259.766	0.108
3540.000	4.000	259.766	0.108
3550.000	4.000	281.250	0.084
3560.000	4.000	281.250	0.084
3570.000	4.000	281.250	0.084
3580.000	4.000	292.969	0.107
3590.000	4.000	292.969	0.107
3600.000	4.000	292.969	0.107
3610.000	4.000	283.203	0.087
3620.000	4.000	283.203	0.087
3630.000	4.000	283.203	0.087
3640.000	4.000	298.828	0.099
3650.000	4.000	298.828	0.099
3660.000	4.000	298.828	0.099
3670.000	4.000	259.766	0.079
3680.000	4.000	259.766	0.079
3690.000	4.000	259.766	0.079
3700.000	4.000	291.016	0.075
3710.000	4.000	291.016	0.075
3720.000	4.000	291.016	0.075
3730.000	4.000	269.531	0.104
3740.000	4.000	269.531	0.104
3750.000	4.000	269.531	0.104
3760.000	4.000	308.594	0.110
3770.000	4.000	308.594	0.110
3780.000	4.000	308.594	0.110
3790.000	4.000	291.016	0.097
3800.000	4.000	291.016	0.097
3810.000	4.000	291.016	0.097
3820.000	4.000	259.766	0.089
3830.000	4.000	259.766	0.089
3840.000	4.000	259.766	0.089
3850.000	4.000	310.547	0.084
3860.000	4.000	310.547	0.084
3870.000	4.000	310.547	0.084
3880.000	4.000	291.016	0.077
3890.000	4.000	291.016	0.077
3900.000	4.000	291.016	0.077
3910.000	4.000	302.734	0.087
3920.000	4.000	302.734	0.087
3930.000	4.000	302.734	0.087
3940.000	4.000	298.828	0.103
3950.000	4.000	298.828	0.103
3960.000	4.000	298.828	0.103
3970.000	4.000	330.078	0.089
3980.000	4.000	330.078	0.089
3990.000	4.000	330.078	0.089
4000.000	4.000	322.266	0.086
4010.000	4.000	322.266	0.086
4020.000	4.000	322.266	0.086
4030.000	4.000	318.359	0.109
4040.000	4.000	318.359	0.109
4050.000	4.000	318.359	0.109
4060.000	4.000	308.594	0.089
4070.000	4.000	308.594	0.089
4080.000	4.000	308.594	0.089
4090.000	4.000	330.078	0.118
4100.000	4.000	330.078	0.118
4110.000	4.000	330.078	0.118
4120.000	4.000	328.125	0.087
4130.000	4.000	328.125	0.087
4140.000	4.000	328.125	0.087
4150.000	4.000	310.547	0.088
4160.000	4.000	310.547	0.088
4170.000	4.000	310.547	0.088
4180.000	4.000	326.172	0.103
4190.000	4.000	326.172	0.103
4200.000	4.000	326.172	0.103
4210.000	4.000	296.875	0.092
4220.000	4.000	296.875	0.092
4230.000	4.000	296.875	0.092
4240.000	4.000	292.969	0.088
4250.000	4.000	292.969	0.088
4260.000	4.000	292.969	0.088
4270.000	4.000	330.078	0.086
4280.000	4.000	330.078	0.086
4290.000	4.000	330.078	0.086
4300.000	4.000	324.219	0.114
4310.000	4.000	324.219	0.114
4320.000	4.000	324.219	0.114
4330.000	4.000	335.937	0.085
4340.000	4.000	335.937	0.085
4350.000	4.000	335.937	0.085
4360.000	4.000	367.187	0.095
4370.000	4.000	367.187	0.095
4380.000	4.000	367.187	0.095
4390.000	4.000	351.562	0.091
4400.000	4.000	351.562	0.091
4410.000	4.000	351.562	0.091
4420.000	4.000	355.469	0.109
4430.000	4.000	355.469	0.109
4440.000	4.000	355.469	0.109
4450.000	4.000	357.422	0.103
4460.000	4.000	357.422	0.103
4470.000	4.000	357.422	0.103
4480.000	4.000	359.375	0.091
4490.000	4.000	359.375	0.091
4500.000	4.000	359.375	0.091
4510.000	4.000	335.937	0.106
4520.000	4.000	335.937	0.106
4530.000	4.000	335.937	0.106
4540.000	4.000	351.562	0.091
4550.000	4.000	351.562	0.091
4560.000	4.000	351.562	0.091
4570.000	4.000	396.484	0.088
4580.000	4.000	396.484	0.088
4590.000	4.000	396.484	0.088
4600.000	4.000	328.125	0.100
4610.000	4.000	328.125	0.100
4620.000	4.000	328.125	0.100
4630.000	4.000	367.187	0.067
4640.000	4.000	367.187	0.067
4650.000	4.000	367.187	0.067
4660.000	4.000	386.719	0.110
4670.000	4.000	386.719	0.110
4680.000	4.000	386.719	0.110
4690.000	4.000	351.562	0.082
4700.000	4.000	351.562	0.082
4710.000	4.000	351.562	0.082
4720.000	4.000	361.328	0.104
4730.000	4.000	361.328	0.104
4740.000	4.000	361.328	0.104
4750.000	4.000	359.375	0.094
4760.000	4.000	359.375	0.094
4770.000	4.000	359.375	0.094
4780.000	4.000	351.562	0.103
4790.000	4.000	351.562	0.103
4800.000	4.000	351.562	0.103
4810.000	4.000	367.187	0.086
4820.000	4.000	367.187	0.086
4830.000	4.000	367.187	0.086
4840.000	4.000	355.469	0.091
4850.000	4.000	355.469	0.091
4860.000	4.000	355.469	0.091
4870.000	4.000	378.906	0.112
4880.000	4.000	378.906	0.112
4890.000	4.000	378.906	0.112
4900.000	4.000	404.297	0.112
4910.000	4.000	404.297	0.112
4920.000	4.000	404.297	0.112
4930.000	4.000	398.437	0.098
4940.000	4.000	398.437	0.098
4950.000	4.000	398.437	0.098
4960.000	4.000	371.094	0.098
4970.000	4.000	371.094	0.098
4980.000	4.000	371.094	0.098
4990.000	4.000	402.344	0.086
5000.000	4.000	402.344	0.086
5010.000	4.000	402.344	0.086
5020.000	4.000	384.766	0.106
5030.000	4.000	384.766	0.106
5040.000	4.000	384.766	0.106
5050.000	4.000	427.734	0.085
5060.000	4.000	427.734	0.085
5070.000	4.000	427.734	0.085
5080.000	4.000	402.344	0.079
5090.000	4.000	402.344	0.079
5100.000	4.000	402.344	0.079
5110.000	4.000	423.828	0.088
5120.000	4.000	423.828	0.088
5130.000	4.000	423.828	0.088
5140.000	4.000	380.859	0.113
5150.000	4.000	380.859	0.113
5160.000	4.000	380.859	0.113
5170.000	4.000	398.437	0.068
5180.000	4.000	398.437	0.068
5190.000	4.000	398.437	0.068
5200.000	4.000	435.547	0.071
5210.000	4.000	435.547	0.071
5220.000	4.000	435.547	0.071
5230.000	4.000	414.062	0.095
5240.000	4.000	414.062	0.095
5250.000	4.000	414.062	0.095
5260.000	4.000	416.016	0.100
5270.000	4.000	416.016	0.100
5280.000	4.000	416.016	0.100
5290.000	4.000	412.109	0.108
5300.000	4.000	412.109	0.108
5310.000	4.000	412.109	0.108
5320.000	4.000	433.594	0.112
5330.000	4.000	433.594	0.112
5340.000	4.000	433.594	0.112
5350.000	4.000	421.875	0.111
5360.000	4.000	421.875	0.111
5370.000	4.000	421.875	0.111
5380.000	4.000	400.391	0.098
5390.000	4.000	400.391	0.098
5400.000	4.000	400.391	0.098
5410.000	4.000	423.828	0.092
5420.000	4.000	423.828	0.092
5430.000	4.000	423.828	0.092
5440.000	4.000	453.125	0.104
5450.000	4.000	453.125	0.104
5460.000	4.000	453.125	0.104
5470.000	4.000	447.266	0.109
5480.000	4.000	447.266	0.109
5490.000	4.000	447.266	0.109
5500.000	4.000	431.641	0.112
5510.000	4.000	431.641	0.112
5520.000	4.000	431.641	0.112
5530.000	4.000	457.031	0.103
5540.000	4.000	457.031	0.103
5550.000	4.000	457.031	0.103
5560.000	4.000	466.797	0.104
5570.000	4.000	466.797	0.104
5580.000	4.000	466.797	0.104
5590.000	4.000	457.031	0.089
5600.000	4.000	457.031	0.089
5610.000	4.000	457.031	0.089
5620.000	4.000	433.594	0.093
5630.000	4.000	433.594	0.093
5640.000	4.000	433.594	0.093
5650.000	4.000	455.078	0.083
5660.000	4.000	455.078	0.083
5670.000	4.000	455.078	0.083
5680.000	4.000	443.359	0.085
5690.000	4.000	443.359	0.085
5700.000	4.000	443.359	0.085
5710.000	4.000	443.359	0.099
5720.000	4.000	443.359	0.099
5730.000	4.000	443.359	0.099
5740.000	4.000	447.266	0.103
5750.000	4.000	447.266	0.103
5760.000	4.000	447.266	0.103
5770.000	4.000	445.312	0.101
5780.000	4.000	445.312	0.101
5790.000	4.000	445.312	0.101
5800.000	4.000	480.469	0.092
5810.000	4.000	480.469	0.092
5820.000	4.000	480.469	0.092
5830.000	4.000	492.187	0.085
5840.000	4.000	492.187	0.085
5850.000	4.000	492.187	0.085
5860.000	4.000	460.937	0.083
5870.000	4.000	460.937	0.083
5880.000	4.000	460.937	0.083
5890.000	4.000	447.266	0.104
5900.000	4.000	447.266	0.104
5910.000	4.000	447.266	0.104
5920.000	4.000	480.469	0.113
5930.000	4.000	480.469	0.113
5940.000	4.000	480.469	0.113
5950.000	4.000	511.719	0.100
5960.000	4.000	511.719	0.100
5970.000	4.000	511.719	0.100
5980.000	4.000	480.469	0.092
5990.000	4.000	480.469	0.092
6000.000	4.000	480.469	0.092
6010.000	4.000	460.937	0.092
6020.000	4.000	460.937	0.092
6030.000	4.000	460.937	0.092
6040.000	4.000	478.516	0.080
6050.000	4.000	478.516	0.080
6060.000	4.000	478.516	0.080
6070.000	4.000	490.234	0.082
6080.000	4.000	490.234	0.082
6090.000	4.000	490.234	0.082
6100.000	4.000	490.234	0.034
6110.000	4.000	490.234	0.034
6120.000	4.000	490.234	0.034
6130.000	4.000	470.703	0.003
6140.000	4.000	470.703	0.003
6150.000	4.000	470.703	0.003
6160.000	4.000	476.562	-0.009
6170.000	4.000	476.562	-0.009
6180.000	4.000	476.562	-0.009
6190.000	4.000	494.141	-0.013
6200.000	4.000	494.141	-0.013
6210.000	4.000	494.141	-0.013
6220.000	4.000	480.469	-0.016
6230.000	4.000	480.469	-0.016
6240.000	4.000	480.469	-0.016
6250.000	4.000	441.406	-0.047
6260.000	4.000	441.406	-0.047
6270.000	4.000	441.406	-0.047
6280.000	4.000	466.797	-0.025
6290.000	4.000	466.797	-0.025
6300.000	4.000	466.797	-0.025
6310.000	4.000	441.406	-0.008
6320.000	4.000	441.406	-0.008
6330.000	4.000	441.406	-0.008
6340.000	4.000	443.359	-0.045
6350.000	4.000	443.359	-0.045
6360.000	4.000	443.359	-0.045
6370.000	4.000	398.437	-0.017
6380.000	4.000	398.437	-0.017
6390.000	4.000	398.437	-0.017
6400.000	4.000	398.437	-0.027
6410.000	4.000	398.437	-0.027
6420.000	4.000	398.437	-0.027
6430.000	4.000	384.766	-0.022
6440.000	4.000	384.766	-0.022
6450.000	4.000	384.766	-0.022
6460.000	4.000	414.062	-0.031
6470.000	4.000	414.062	-0.031
6480.000	4.000	414.062	-0.031
6490.000	4.000	371.094	-0.004
6500.000	4.000	371.094	-0.004
6510.000	4.000	371.094	-0.004
6520.000	4.000	363.281	-0.012
6530.000	4.000	363.281	-0.012
6540.000	4.000	363.281	-0.012
6550.000	4.000	365.234	-0.009
6560.000	4.000	365.234	-0.009
6570.000	4.000	365.234	-0.009
6580.000	4.000	353.516	-0.009
6590.000	4.000	353.516	-0.009
6600.000	4.000	353.516	-0.009
6610.000	4.000	339.844	-0.025
6620.000	4.000	339.844	-0.025
6630.000	4.000	339.844	-0.025
6640.000	4.000	335.937	-0.033
6650.000	4.000	335.937	-0.033
6660.000	4.000	335.937	-0.033
6670.000	4.000	347.656	-0.021
6680.000	4.000	347.656	-0.021
6690.000	4.000	347.656	-0.021
6700.000	4.000	330.078	-0.029
6710.000	4.000	330.078	-0.029
6720.000	4.000	330.078	-0.029
6730.000	4.000	345.703	-0.032
6740.000	4.000	345.703	-0.032
6750.000	4.000	345.703	-0.032
6760.000	4.000	296.875	-0.029
6770.000	4.000	296.875	-0.029
6780.000	4.000	296.875	-0.029
6790.000	4.000	322.266	-0.024
6800.000	4.000	322.266	-0.024
6810.000	4.000	322.266	-0.024
6820.000	4.000	318.359	-0.025
6830.000	4.000	318.359	-0.025
6840.000	4.000	318.359	-0.025
6850.000	4.000	269.531	-0.012
6860.000	4.000	269.531	-0.012
6870.000	4.000	269.531	-0.012
6880.000	4.000	314.453	-0.001
6890.000	4.000	314.453	-0.001
6900.000	4.000	314.453	-0.001
6910.000	4.000	277.344	-0.025
6920.000	4.000	277.344	-0.025
6930.000	4.000	277.344	-0.025
6940.000	4.000	253.906	-0.025
6950.000	4.000	253.906	-0.025
6960.000	4.000	253.906	-0.025
6970.000	4.000	281.250	-0.037
6980.000	4.000	281.250	-0.037
6990.000	4.000	281.250	-0.037
7000.000	4.000	251.953	-0.033
7010.000	4.000	251.953	-0.033
7020.000	4.000	251.953	-0.033
