%ArduinoTime [ms]	Reference Position [rad]	Measured Position [rad]	Actual Current [A]	Proportional Gain [Kp]	Derivative Gain [Kd]	Integral Gain [Ki]	%2/10/20261:59 PM
0.000	0.000	0.000	0.000	0.000	0.000	0.000
2964715.000	0.000	-0.010	0.000	100.000	0.000	0.000
2964745.000	0.000	-0.010	0.000	100.000	0.000	0.000
2964745.000	0.000	-0.010	0.000	100.000	0.000	0.000
2964745.000	0.000	-0.010	0.000	100.000	0.000	0.000
2964775.000	0.000	-0.010	0.000	100.000	0.000	0.000
2964775.000	0.000	-0.010	0.000	100.000	0.000	0.000
2964775.000	0.000	-0.010	0.000	100.000	0.000	0.000
2964805.000	0.000	-0.010	0.000	100.000	0.000	0.000
2964805.000	0.000	-0.010	0.000	100.000	0.000	0.000
2964805.000	0.000	-0.010	0.000	100.000	0.000	0.000
2964835.000	0.000	0.000	0.000	100.000	0.000	0.000
2964835.000	0.000	0.000	0.000	100.000	0.000	0.000
2964835.000	0.000	0.000	0.000	100.000	0.000	0.000
2964865.000	0.000	0.000	0.000	100.000	0.000	0.000
2964865.000	0.000	0.000	0.000	100.000	0.000	0.000
2964865.000	0.000	0.000	0.000	100.000	0.000	0.000
2964895.000	0.000	0.000	0.000	100.000	0.000	0.000
2964895.000	0.000	0.000	0.000	100.000	0.000	0.000
2964895.000	0.000	0.000	0.000	100.000	0.000	0.000
2964925.000	0.000	0.000	0.000	100.000	0.000	0.000
2964925.000	0.000	0.000	0.000	100.000	0.000	0.000
2964925.000	0.000	0.000	0.000	100.000	0.000	0.000
2964955.000	0.000	0.000	0.000	100.000	0.000	0.000
2964955.000	0.000	0.000	0.000	100.000	0.000	0.000
2964955.000	0.000	0.000	0.000	100.000	0.000	0.000
2964985.000	0.000	0.000	0.000	100.000	0.000	0.000
2964985.000	0.000	0.000	0.000	100.000	0.000	0.000
2964985.000	0.000	0.000	0.000	100.000	0.000	0.000
2965015.000	0.000	0.000	0.000	100.000	0.000	0.000
2965015.000	0.000	0.000	0.000	100.000	0.000	0.000
2965015.000	0.000	0.000	0.000	100.000	0.000	0.000
2965045.000	0.000	0.000	0.000	100.000	0.000	0.000
2965045.000	0.000	0.000	0.000	100.000	0.000	0.000
2965045.000	0.000	0.000	0.000	100.000	0.000	0.000
2965075.000	0.000	0.000	0.000	100.000	0.000	0.000
2965075.000	0.000	0.000	0.000	100.000	0.000	0.000
2965075.000	0.000	0.000	0.000	100.000	0.000	0.000
2965105.000	0.000	0.000	0.000	100.000	0.000	0.000
2965105.000	0.000	0.000	0.000	100.000	0.000	0.000
2965105.000	0.000	0.000	0.000	100.000	0.000	0.000
2965135.000	0.000	0.000	0.000	100.000	0.000	0.000
2965135.000	0.000	0.000	0.000	100.000	0.000	0.000
2965135.000	0.000	0.000	0.000	100.000	0.000	0.000
2965165.000	0.000	0.000	0.000	100.000	0.000	0.000
2965165.000	0.000	0.000	0.000	100.000	0.000	0.000
2965165.000	0.000	0.000	0.000	100.000	0.000	0.000
2965195.000	0.000	0.000	0.000	100.000	0.000	0.000
2965195.000	0.000	0.000	0.000	100.000	0.000	0.000
2965195.000	0.000	0.000	0.000	100.000	0.000	0.000
2965225.000	0.000	0.000	0.000	100.000	0.000	0.000
2965225.000	0.000	0.000	0.000	100.000	0.000	0.000
2965225.000	0.000	0.000	0.000	100.000	0.000	0.000
2965255.000	0.000	-0.010	0.000	100.000	0.000	0.000
2965255.000	0.000	-0.010	0.000	100.000	0.000	0.000
2965255.000	0.000	-0.010	0.000	100.000	0.000	0.000
2965285.000	0.000	-0.010	0.000	100.000	0.000	0.000
2965285.000	0.000	-0.010	0.000	100.000	0.000	0.000
2965285.000	0.000	-0.010	0.000	100.000	0.000	0.000
2965315.000	0.000	-0.010	0.000	100.000	0.000	0.000
2965315.000	0.000	-0.010	0.000	100.000	0.000	0.000
2965315.000	0.000	-0.010	0.000	100.000	0.000	0.000
2965345.000	0.000	-0.010	0.000	100.000	0.000	0.000
2965345.000	0.000	-0.010	0.000	100.000	0.000	0.000
2965345.000	0.000	-0.010	0.000	100.000	0.000	0.000
2965375.000	0.000	-0.010	0.000	100.000	0.000	0.000
2965375.000	0.000	-0.010	0.000	100.000	0.000	0.000
2965375.000	0.000	-0.010	0.000	100.000	0.000	0.000
2965405.000	0.000	-0.010	0.000	100.000	0.000	0.000
2965405.000	0.000	-0.010	0.000	100.000	0.000	0.000
2965405.000	0.000	-0.010	0.000	100.000	0.000	0.000
2965435.000	0.000	-0.010	0.000	100.000	0.000	0.000
2965435.000	0.000	-0.010	0.000	100.000	0.000	0.000
2965435.000	0.000	-0.010	0.000	100.000	0.000	0.000
2965465.000	0.000	-0.010	0.000	100.000	0.000	0.000
2965465.000	0.000	-0.010	0.000	100.000	0.000	0.000
2965465.000	0.000	-0.010	0.000	100.000	0.000	0.000
2965495.000	0.000	-0.010	0.000	100.000	0.000	0.000
2965495.000	0.000	-0.010	0.000	100.000	0.000	0.000
2965495.000	0.000	-0.010	0.000	100.000	0.000	0.000
2965525.000	0.000	-0.010	0.000	100.000	0.000	0.000
2965525.000	0.000	-0.010	0.000	100.000	0.000	0.000
2965525.000	0.000	-0.010	0.000	100.000	0.000	0.000
2965555.000	0.000	-0.010	0.000	100.000	0.000	0.000
2965555.000	0.000	-0.010	0.000	100.000	0.000	0.000
2965555.000	0.000	-0.010	0.000	100.000	0.000	0.000
2965585.000	0.000	-0.010	0.000	100.000	0.000	0.000
2965585.000	0.000	-0.010	0.000	100.000	0.000	0.000
2965585.000	0.000	-0.010	0.000	100.000	0.000	0.000
2965615.000	0.000	-0.010	0.000	100.000	0.000	0.000
2965615.000	0.000	-0.010	0.000	100.000	0.000	0.000
2965615.000	0.000	-0.010	0.000	100.000	0.000	0.000
2965645.000	0.000	-0.010	0.000	100.000	0.000	0.000
2965645.000	0.000	-0.010	0.000	100.000	0.000	0.000
2965645.000	0.000	-0.010	0.000	100.000	0.000	0.000
2965675.000	0.000	-0.010	0.000	100.000	0.000	0.000
2965675.000	0.000	-0.010	0.000	100.000	0.000	0.000
2965675.000	0.000	-0.010	0.000	100.000	0.000	0.000
2965705.000	0.000	-0.010	0.000	100.000	0.000	0.000
2965705.000	0.000	-0.010	0.000	100.000	0.000	0.000
2965705.000	0.000	-0.010	0.000	100.000	0.000	0.000
2965735.000	0.000	0.000	0.000	100.000	0.000	0.000
2965735.000	0.000	0.000	0.000	100.000	0.000	0.000
2965735.000	0.000	0.000	0.000	100.000	0.000	0.000
2965765.000	0.000	0.000	0.000	100.000	0.000	0.000
2965765.000	0.000	0.000	0.000	100.000	0.000	0.000
2965765.000	0.000	0.000	0.000	100.000	0.000	0.000
2965795.000	0.000	0.000	0.000	100.000	0.000	0.000
2965795.000	0.000	0.000	0.000	100.000	0.000	0.000
2965795.000	0.000	0.000	0.000	100.000	0.000	0.000
2965825.000	0.000	0.000	-0.016	100.000	0.000	0.000
2965825.000	0.000	0.000	-0.016	100.000	0.000	0.000
2965825.000	0.000	0.000	-0.016	100.000	0.000	0.000
2965855.000	0.000	0.000	-0.016	100.000	0.000	0.000
2965855.000	0.000	0.000	-0.016	100.000	0.000	0.000
2965855.000	0.000	0.000	-0.016	100.000	0.000	0.000
2965885.000	0.000	-0.010	0.000	100.000	0.000	0.000
2965885.000	0.000	-0.010	0.000	100.000	0.000	0.000
2965885.000	0.000	-0.010	0.000	100.000	0.000	0.000
2965915.000	0.000	-0.010	0.000	100.000	0.000	0.000
2965915.000	0.000	-0.010	0.000	100.000	0.000	0.000
2965915.000	0.000	-0.010	0.000	100.000	0.000	0.000
2965945.000	0.000	-0.010	0.000	100.000	0.000	0.000
2965945.000	0.000	-0.010	0.000	100.000	0.000	0.000
2965945.000	0.000	-0.010	0.000	100.000	0.000	0.000
2965975.000	0.000	-0.010	0.000	100.000	0.000	0.000
2965975.000	0.000	-0.010	0.000	100.000	0.000	0.000
2965975.000	0.000	-0.010	0.000	100.000	0.000	0.000
2966005.000	0.000	-0.010	0.000	100.000	0.000	0.000
2966005.000	0.000	-0.010	0.000	100.000	0.000	0.000
2966005.000	0.000	-0.010	0.000	100.000	0.000	0.000
2966035.000	0.000	-0.010	0.000	100.000	0.000	0.000
2966035.000	0.000	-0.010	0.000	100.000	0.000	0.000
2966035.000	0.000	-0.010	0.000	100.000	0.000	0.000
2966065.000	0.000	-0.010	0.000	100.000	0.000	0.000
2966065.000	0.000	-0.010	0.000	100.000	0.000	0.000
2966065.000	0.000	-0.010	0.000	100.000	0.000	0.000
2966095.000	0.000	-0.010	0.000	100.000	0.000	0.000
2966095.000	0.000	-0.010	0.000	100.000	0.000	0.000
2966095.000	0.000	-0.010	0.000	100.000	0.000	0.000
2966125.000	0.000	-0.010	0.000	100.000	0.000	0.000
2966125.000	0.000	-0.010	0.000	100.000	0.000	0.000
2966125.000	0.000	-0.010	0.000	100.000	0.000	0.000
2966155.000	0.000	-0.010	0.000	100.000	0.000	0.000
2966155.000	0.000	-0.010	0.000	100.000	0.000	0.000
2966155.000	0.000	-0.010	0.000	100.000	0.000	0.000
2966185.000	0.000	-0.010	0.000	100.000	0.000	0.000
2966185.000	0.000	-0.010	0.000	100.000	0.000	0.000
2966185.000	0.000	-0.010	0.000	100.000	0.000	0.000
2966215.000	0.000	-0.010	0.000	100.000	0.000	0.000
2966215.000	0.000	-0.010	0.000	100.000	0.000	0.000
2966215.000	0.000	-0.010	0.000	100.000	0.000	0.000
2966245.000	0.000	-0.010	0.000	100.000	0.000	0.000
2966245.000	0.000	-0.010	0.000	100.000	0.000	0.000
2966245.000	0.000	-0.010	0.000	100.000	0.000	0.000
2966275.000	0.000	0.000	-0.016	100.000	0.000	0.000
2966275.000	0.000	0.000	-0.016	100.000	0.000	0.000
2966275.000	0.000	0.000	-0.016	100.000	0.000	0.000
2966305.000	0.000	0.000	-0.016	100.000	0.000	0.000
2966305.000	0.000	0.000	-0.016	100.000	0.000	0.000
2966305.000	0.000	0.000	-0.016	100.000	0.000	0.000
2966335.000	0.000	0.000	-0.016	100.000	0.000	0.000
2966335.000	0.000	0.000	-0.016	100.000	0.000	0.000
2966335.000	0.000	0.000	-0.016	100.000	0.000	0.000
2966365.000	0.000	0.000	-0.016	100.000	0.000	0.000
2966365.000	0.000	0.000	-0.016	100.000	0.000	0.000
2966365.000	0.000	0.000	-0.016	100.000	0.000	0.000
2966395.000	0.000	0.000	-0.016	100.000	0.000	0.000
2966395.000	0.000	0.000	-0.016	100.000	0.000	0.000
2966395.000	0.000	0.000	-0.016	100.000	0.000	0.000
2966425.000	0.000	0.000	-0.016	100.000	0.000	0.000
2966425.000	0.000	0.000	-0.016	100.000	0.000	0.000
2966425.000	0.000	0.000	-0.016	100.000	0.000	0.000
2966455.000	0.000	0.000	-0.016	100.000	0.000	0.000
2966455.000	0.000	0.000	-0.016	100.000	0.000	0.000
2966455.000	0.000	0.000	-0.016	100.000	0.000	0.000
2966485.000	0.000	0.000	-0.016	100.000	0.000	0.000
2966485.000	0.000	0.000	-0.016	100.000	0.000	0.000
2966485.000	0.000	0.000	-0.016	100.000	0.000	0.000
2966515.000	0.000	0.000	-0.016	100.000	0.000	0.000
2966515.000	0.000	0.000	-0.016	100.000	0.000	0.000
2966515.000	0.000	0.000	-0.016	100.000	0.000	0.000
2966545.000	0.000	0.000	-0.016	100.000	0.000	0.000
2966545.000	0.000	0.000	-0.016	100.000	0.000	0.000
2966545.000	0.000	0.000	-0.016	100.000	0.000	0.000
2966575.000	0.000	0.000	-0.016	100.000	0.000	0.000
2966575.000	0.000	0.000	-0.016	100.000	0.000	0.000
2966575.000	0.000	0.000	-0.016	100.000	0.000	0.000
2966605.000	0.000	0.000	-0.016	100.000	0.000	0.000
2966605.000	0.000	0.000	-0.016	100.000	0.000	0.000
2966605.000	0.000	0.000	-0.016	100.000	0.000	0.000
2966635.000	0.000	0.000	-0.016	100.000	0.000	0.000
2966635.000	0.000	0.000	-0.016	100.000	0.000	0.000
2966635.000	0.000	0.000	-0.016	100.000	0.000	0.000
2966665.000	0.000	0.000	-0.016	100.000	0.000	0.000
2966665.000	0.000	0.000	-0.016	100.000	0.000	0.000
2966665.000	0.000	0.000	-0.016	100.000	0.000	0.000
2966695.000	0.000	0.000	-0.016	100.000	0.000	0.000
2966695.000	0.000	0.000	-0.016	100.000	0.000	0.000
2966695.000	0.000	0.000	-0.016	100.000	0.000	0.000
2966725.000	0.000	0.000	-0.016	100.000	0.000	0.000
2966725.000	0.000	0.000	-0.016	100.000	0.000	0.000
2966725.000	0.000	0.000	-0.016	100.000	0.000	0.000
2966755.000	0.000	0.000	-0.016	100.000	0.000	0.000
2966755.000	0.000	0.000	-0.016	100.000	0.000	0.000
2966755.000	0.000	0.000	-0.016	100.000	0.000	0.000
2966785.000	0.000	0.000	-0.016	100.000	0.000	0.000
2966785.000	0.000	0.000	-0.016	100.000	0.000	0.000
2966785.000	0.000	0.000	-0.016	100.000	0.000	0.000
2966815.000	0.000	0.000	-0.016	100.000	0.000	0.000
2966815.000	0.000	0.000	-0.016	100.000	0.000	0.000
2966815.000	0.000	0.000	-0.016	100.000	0.000	0.000
2966845.000	0.000	0.000	-0.016	100.000	0.000	0.000
2966845.000	0.000	0.000	-0.016	100.000	0.000	0.000
2966845.000	0.000	0.000	-0.016	100.000	0.000	0.000
2966875.000	0.000	0.000	-0.016	100.000	0.000	0.000
2966875.000	0.000	0.000	-0.016	100.000	0.000	0.000
2966875.000	0.000	0.000	-0.016	100.000	0.000	0.000
2966905.000	0.000	0.000	-0.016	100.000	0.000	0.000
2966905.000	0.000	0.000	-0.016	100.000	0.000	0.000
2966905.000	0.000	0.000	-0.016	100.000	0.000	0.000
2966935.000	0.000	0.000	-0.016	100.000	0.000	0.000
2966935.000	0.000	0.000	-0.016	100.000	0.000	0.000
2966935.000	0.000	0.000	-0.016	100.000	0.000	0.000
2966965.000	0.000	0.000	-0.016	100.000	0.000	0.000
2966965.000	0.000	0.000	-0.016	100.000	0.000	0.000
2966965.000	0.000	0.000	-0.016	100.000	0.000	0.000
2966995.000	0.000	0.000	-0.016	100.000	0.000	0.000
2966995.000	0.000	0.000	-0.016	100.000	0.000	0.000
2966995.000	0.000	0.000	-0.016	100.000	0.000	0.000
2967025.000	0.000	0.000	-0.016	100.000	0.000	0.000
2967025.000	0.000	0.000	-0.016	100.000	0.000	0.000
2967025.000	0.000	0.000	-0.016	100.000	0.000	0.000
2967055.000	0.000	0.000	-0.016	100.000	0.000	0.000
2967055.000	0.000	0.000	-0.016	100.000	0.000	0.000
2967055.000	0.000	0.000	-0.016	100.000	0.000	0.000
2967085.000	0.000	0.000	-0.016	100.000	0.000	0.000
2967085.000	0.000	0.000	-0.016	100.000	0.000	0.000
2967085.000	0.000	0.000	-0.016	100.000	0.000	0.000
2967115.000	0.000	0.000	-0.016	100.000	0.000	0.000
2967115.000	0.000	0.000	-0.016	100.000	0.000	0.000
2967115.000	0.000	0.000	-0.016	100.000	0.000	0.000
2967145.000	0.000	0.000	-0.016	100.000	0.000	0.000
2967145.000	0.000	0.000	-0.016	100.000	0.000	0.000
2967145.000	0.000	0.000	-0.016	100.000	0.000	0.000
2967175.000	0.000	0.000	-0.016	100.000	0.000	0.000
2967175.000	0.000	0.000	-0.016	100.000	0.000	0.000
2967175.000	0.000	0.000	-0.016	100.000	0.000	0.000
2967205.000	0.000	0.000	-0.016	100.000	0.000	0.000
2967205.000	0.000	0.000	-0.016	100.000	0.000	0.000
2967205.000	0.000	0.000	-0.016	100.000	0.000	0.000
2967235.000	0.000	0.020	-0.062	100.000	0.000	0.000
2967235.000	0.000	0.020	-0.062	100.000	0.000	0.000
2967235.000	0.000	0.020	-0.062	100.000	0.000	0.000
2967265.000	0.000	0.070	-0.187	100.000	0.000	0.000
2967265.000	0.000	0.070	-0.187	100.000	0.000	0.000
2967265.000	0.000	0.070	-0.187	100.000	0.000	0.000
2967295.000	0.000	0.120	-0.297	100.000	0.000	0.000
2967295.000	0.000	0.120	-0.297	100.000	0.000	0.000
2967295.000	0.000	0.120	-0.297	100.000	0.000	0.000
2967325.000	0.000	0.170	-0.422	100.000	0.000	0.000
2967325.000	0.000	0.170	-0.422	100.000	0.000	0.000
2967325.000	0.000	0.170	-0.422	100.000	0.000	0.000
2967355.000	0.000	0.210	-0.516	100.000	0.000	0.000
2967355.000	0.000	0.210	-0.516	100.000	0.000	0.000
2967355.000	0.000	0.210	-0.516	100.000	0.000	0.000
2967385.000	0.000	0.250	-0.609	100.000	0.000	0.000
2967385.000	0.000	0.250	-0.609	100.000	0.000	0.000
2967385.000	0.000	0.250	-0.609	100.000	0.000	0.000
2967415.000	0.000	0.290	-0.703	100.000	0.000	0.000
2967415.000	0.000	0.290	-0.703	100.000	0.000	0.000
2967415.000	0.000	0.290	-0.703	100.000	0.000	0.000
2967445.000	0.000	0.320	-0.781	100.000	0.000	0.000
2967445.000	0.000	0.320	-0.781	100.000	0.000	0.000
2967445.000	0.000	0.320	-0.781	100.000	0.000	0.000
2967475.000	0.000	0.350	-0.844	100.000	0.000	0.000
2967475.000	0.000	0.350	-0.844	100.000	0.000	0.000
2967475.000	0.000	0.350	-0.844	100.000	0.000	0.000
2967505.000	0.000	0.370	-0.891	100.000	0.000	0.000
2967505.000	0.000	0.370	-0.891	100.000	0.000	0.000
2967505.000	0.000	0.370	-0.891	100.000	0.000	0.000
2967535.000	0.000	0.380	-0.937	100.000	0.000	0.000
2967535.000	0.000	0.380	-0.937	100.000	0.000	0.000
2967535.000	0.000	0.380	-0.937	100.000	0.000	0.000
2967565.000	0.000	0.400	-0.969	100.000	0.000	0.000
2967565.000	0.000	0.400	-0.969	100.000	0.000	0.000
2967565.000	0.000	0.400	-0.969	100.000	0.000	0.000
2967595.000	0.000	0.400	-0.969	100.000	0.000	0.000
2967595.000	0.000	0.400	-0.969	100.000	0.000	0.000
2967595.000	0.000	0.400	-0.969	100.000	0.000	0.000
2967625.000	0.000	0.400	-0.969	100.000	0.000	0.000
2967625.000	0.000	0.400	-0.969	100.000	0.000	0.000
2967625.000	0.000	0.400	-0.969	100.000	0.000	0.000
2967655.000	0.000	0.390	-0.953	100.000	0.000	0.000
2967655.000	0.000	0.390	-0.953	100.000	0.000	0.000
2967655.000	0.000	0.390	-0.953	100.000	0.000	0.000
2967685.000	0.000	0.380	-0.922	100.000	0.000	0.000
2967685.000	0.000	0.380	-0.922	100.000	0.000	0.000
2967685.000	0.000	0.380	-0.922	100.000	0.000	0.000
2967715.000	0.000	0.360	-0.875	100.000	0.000	0.000
2967715.000	0.000	0.360	-0.875	100.000	0.000	0.000
2967715.000	0.000	0.360	-0.875	100.000	0.000	0.000
2967745.000	0.000	0.340	-0.828	100.000	0.000	0.000
2967745.000	0.000	0.340	-0.828	100.000	0.000	0.000
2967745.000	0.000	0.340	-0.828	100.000	0.000	0.000
2967775.000	0.000	0.310	-0.750	100.000	0.000	0.000
2967775.000	0.000	0.310	-0.750	100.000	0.000	0.000
2967775.000	0.000	0.310	-0.750	100.000	0.000	0.000
2967805.000	0.000	0.270	-0.672	100.000	0.000	0.000
2967805.000	0.000	0.270	-0.672	100.000	0.000	0.000
2967805.000	0.000	0.270	-0.672	100.000	0.000	0.000
2967835.000	0.000	0.240	-0.594	100.000	0.000	0.000
2967835.000	0.000	0.240	-0.594	100.000	0.000	0.000
2967835.000	0.000	0.240	-0.594	100.000	0.000	0.000
2967865.000	0.000	0.200	-0.500	100.000	0.000	0.000
2967865.000	0.000	0.200	-0.500	100.000	0.000	0.000
2967865.000	0.000	0.200	-0.500	100.000	0.000	0.000
2967895.000	0.000	0.150	-0.391	100.000	0.000	0.000
2967895.000	0.000	0.150	-0.391	100.000	0.000	0.000
2967895.000	0.000	0.150	-0.391	100.000	0.000	0.000
2967925.000	0.000	0.110	-0.281	100.000	0.000	0.000
2967925.000	0.000	0.110	-0.281	100.000	0.000	0.000
2967925.000	0.000	0.110	-0.281	100.000	0.000	0.000
2967955.000	0.000	0.060	-0.172	100.000	0.000	0.000
2967955.000	0.000	0.060	-0.172	100.000	0.000	0.000
2967955.000	0.000	0.060	-0.172	100.000	0.000	0.000
2967985.000	0.000	0.020	-0.062	100.000	0.000	0.000
2967985.000	0.000	0.020	-0.062	100.000	0.000	0.000
2967985.000	0.000	0.020	-0.062	100.000	0.000	0.000
2968015.000	0.000	-0.030	0.047	100.000	0.000	0.000
2968015.000	0.000	-0.030	0.047	100.000	0.000	0.000
2968015.000	0.000	-0.030	0.047	100.000	0.000	0.000
2968045.000	0.000	-0.080	0.156	100.000	0.000	0.000
2968045.000	0.000	-0.080	0.156	100.000	0.000	0.000
2968045.000	0.000	-0.080	0.156	100.000	0.000	0.000
2968075.000	0.000	-0.120	0.266	100.000	0.000	0.000
2968075.000	0.000	-0.120	0.266	100.000	0.000	0.000
2968075.000	0.000	-0.120	0.266	100.000	0.000	0.000
2968105.000	0.000	-0.160	0.375	100.000	0.000	0.000
2968105.000	0.000	-0.160	0.375	100.000	0.000	0.000
2968105.000	0.000	-0.160	0.375	100.000	0.000	0.000
2968135.000	0.000	-0.200	0.469	100.000	0.000	0.000
2968135.000	0.000	-0.200	0.469	100.000	0.000	0.000
2968135.000	0.000	-0.200	0.469	100.000	0.000	0.000
2968165.000	0.000	-0.240	0.547	100.000	0.000	0.000
2968165.000	0.000	-0.240	0.547	100.000	0.000	0.000
2968165.000	0.000	-0.240	0.547	100.000	0.000	0.000
2968195.000	0.000	-0.270	0.641	100.000	0.000	0.000
2968195.000	0.000	-0.270	0.641	100.000	0.000	0.000
2968195.000	0.000	-0.270	0.641	100.000	0.000	0.000
2968225.000	0.000	-0.300	0.703	100.000	0.000	0.000
2968225.000	0.000	-0.300	0.703	100.000	0.000	0.000
2968225.000	0.000	-0.300	0.703	100.000	0.000	0.000
2968255.000	0.000	-0.330	0.766	100.000	0.000	0.000
2968255.000	0.000	-0.330	0.766	100.000	0.000	0.000
2968255.000	0.000	-0.330	0.766	100.000	0.000	0.000
2968285.000	0.000	-0.340	0.797	100.000	0.000	0.000
2968285.000	0.000	-0.340	0.797	100.000	0.000	0.000
2968285.000	0.000	-0.340	0.797	100.000	0.000	0.000
2968315.000	0.000	-0.360	0.828	100.000	0.000	0.000
2968315.000	0.000	-0.360	0.828	100.000	0.000	0.000
2968315.000	0.000	-0.360	0.828	100.000	0.000	0.000
2968345.000	0.000	-0.360	0.844	100.000	0.000	0.000
2968345.000	0.000	-0.360	0.844	100.000	0.000	0.000
2968345.000	0.000	-0.360	0.844	100.000	0.000	0.000
2968375.000	0.000	-0.360	0.844	100.000	0.000	0.000
2968375.000	0.000	-0.360	0.844	100.000	0.000	0.000
2968375.000	0.000	-0.360	0.844	100.000	0.000	0.000
2968405.000	0.000	-0.360	0.828	100.000	0.000	0.000
2968405.000	0.000	-0.360	0.828	100.000	0.000	0.000
2968405.000	0.000	-0.360	0.828	100.000	0.000	0.000
2968435.000	0.000	-0.350	0.812	100.000	0.000	0.000
2968435.000	0.000	-0.350	0.812	100.000	0.000	0.000
2968435.000	0.000	-0.350	0.812	100.000	0.000	0.000
2968465.000	0.000	-0.330	0.766	100.000	0.000	0.000
2968465.000	0.000	-0.330	0.766	100.000	0.000	0.000
2968465.000	0.000	-0.330	0.766	100.000	0.000	0.000
2968495.000	0.000	-0.310	0.719	100.000	0.000	0.000
2968495.000	0.000	-0.310	0.719	100.000	0.000	0.000
2968495.000	0.000	-0.310	0.719	100.000	0.000	0.000
2968525.000	0.000	-0.280	0.656	100.000	0.000	0.000
2968525.000	0.000	-0.280	0.656	100.000	0.000	0.000
2968525.000	0.000	-0.280	0.656	100.000	0.000	0.000
2968555.000	0.000	-0.250	0.578	100.000	0.000	0.000
2968555.000	0.000	-0.250	0.578	100.000	0.000	0.000
2968555.000	0.000	-0.250	0.578	100.000	0.000	0.000
2968585.000	0.000	-0.220	0.500	100.000	0.000	0.000
2968585.000	0.000	-0.220	0.500	100.000	0.000	0.000
2968585.000	0.000	-0.220	0.500	100.000	0.000	0.000
2968615.000	0.000	-0.180	0.422	100.000	0.000	0.000
2968615.000	0.000	-0.180	0.422	100.000	0.000	0.000
2968615.000	0.000	-0.180	0.422	100.000	0.000	0.000
2968645.000	0.000	-0.140	0.328	100.000	0.000	0.000
2968645.000	0.000	-0.140	0.328	100.000	0.000	0.000
2968645.000	0.000	-0.140	0.328	100.000	0.000	0.000
2968675.000	0.000	-0.100	0.219	100.000	0.000	0.000
2968675.000	0.000	-0.100	0.219	100.000	0.000	0.000
2968675.000	0.000	-0.100	0.219	100.000	0.000	0.000
2968705.000	0.000	-0.060	0.125	100.000	0.000	0.000
2968705.000	0.000	-0.060	0.125	100.000	0.000	0.000
2968705.000	0.000	-0.060	0.125	100.000	0.000	0.000
2968735.000	0.000	-0.010	0.016	100.000	0.000	0.000
2968735.000	0.000	-0.010	0.016	100.000	0.000	0.000
2968735.000	0.000	-0.010	0.016	100.000	0.000	0.000
2968765.000	0.000	0.030	-0.078	100.000	0.000	0.000
2968765.000	0.000	0.030	-0.078	100.000	0.000	0.000
2968765.000	0.000	0.030	-0.078	100.000	0.000	0.000
2968795.000	0.000	0.070	-0.187	100.000	0.000	0.000
2968795.000	0.000	0.070	-0.187	100.000	0.000	0.000
2968795.000	0.000	0.070	-0.187	100.000	0.000	0.000
2968825.000	0.000	0.110	-0.281	100.000	0.000	0.000
2968825.000	0.000	0.110	-0.281	100.000	0.000	0.000
2968825.000	0.000	0.110	-0.281	100.000	0.000	0.000
2968855.000	0.000	0.150	-0.375	100.000	0.000	0.000
2968855.000	0.000	0.150	-0.375	100.000	0.000	0.000
2968855.000	0.000	0.150	-0.375	100.000	0.000	0.000
2968885.000	0.000	0.180	-0.453	100.000	0.000	0.000
2968885.000	0.000	0.180	-0.453	100.000	0.000	0.000
2968885.000	0.000	0.180	-0.453	100.000	0.000	0.000
2968915.000	0.000	0.210	-0.531	100.000	0.000	0.000
2968915.000	0.000	0.210	-0.531	100.000	0.000	0.000
2968915.000	0.000	0.210	-0.531	100.000	0.000	0.000
2968945.000	0.000	0.240	-0.594	100.000	0.000	0.000
2968945.000	0.000	0.240	-0.594	100.000	0.000	0.000
2968945.000	0.000	0.240	-0.594	100.000	0.000	0.000
2968975.000	0.000	0.270	-0.656	100.000	0.000	0.000
2968975.000	0.000	0.270	-0.656	100.000	0.000	0.000
2968975.000	0.000	0.270	-0.656	100.000	0.000	0.000
2969005.000	0.000	0.290	-0.719	100.000	0.000	0.000
2969005.000	0.000	0.290	-0.719	100.000	0.000	0.000
2969005.000	0.000	0.290	-0.719	100.000	0.000	0.000
2969035.000	0.000	0.310	-0.750	100.000	0.000	0.000
2969035.000	0.000	0.310	-0.750	100.000	0.000	0.000
2969035.000	0.000	0.310	-0.750	100.000	0.000	0.000
2969065.000	0.000	0.320	-0.781	100.000	0.000	0.000
2969065.000	0.000	0.320	-0.781	100.000	0.000	0.000
2969065.000	0.000	0.320	-0.781	100.000	0.000	0.000
2969095.000	0.000	0.330	-0.797	100.000	0.000	0.000
2969095.000	0.000	0.330	-0.797	100.000	0.000	0.000
2969095.000	0.000	0.330	-0.797	100.000	0.000	0.000
2969125.000	0.000	0.330	-0.812	100.000	0.000	0.000
2969125.000	0.000	0.330	-0.812	100.000	0.000	0.000
2969125.000	0.000	0.330	-0.812	100.000	0.000	0.000
2969155.000	0.000	0.330	-0.812	100.000	0.000	0.000
2969155.000	0.000	0.330	-0.812	100.000	0.000	0.000
2969155.000	0.000	0.330	-0.812	100.000	0.000	0.000
2969185.000	0.000	0.320	-0.781	100.000	0.000	0.000
2969185.000	0.000	0.320	-0.781	100.000	0.000	0.000
2969185.000	0.000	0.320	-0.781	100.000	0.000	0.000
2969215.000	0.000	0.310	-0.766	100.000	0.000	0.000
2969215.000	0.000	0.310	-0.766	100.000	0.000	0.000
2969215.000	0.000	0.310	-0.766	100.000	0.000	0.000
2969245.000	0.000	0.290	-0.719	100.000	0.000	0.000
2969245.000	0.000	0.290	-0.719	100.000	0.000	0.000
2969245.000	0.000	0.290	-0.719	100.000	0.000	0.000
2969275.000	0.000	0.270	-0.672	100.000	0.000	0.000
2969275.000	0.000	0.270	-0.672	100.000	0.000	0.000
2969275.000	0.000	0.270	-0.672	100.000	0.000	0.000
2969305.000	0.000	0.250	-0.625	100.000	0.000	0.000
2969305.000	0.000	0.250	-0.625	100.000	0.000	0.000
2969305.000	0.000	0.250	-0.625	100.000	0.000	0.000
2969335.000	0.000	0.220	-0.547	100.000	0.000	0.000
2969335.000	0.000	0.220	-0.547	100.000	0.000	0.000
2969335.000	0.000	0.220	-0.547	100.000	0.000	0.000
2969365.000	0.000	0.190	-0.484	100.000	0.000	0.000
2969365.000	0.000	0.190	-0.484	100.000	0.000	0.000
2969365.000	0.000	0.190	-0.484	100.000	0.000	0.000
2969395.000	0.000	0.160	-0.406	100.000	0.000	0.000
2969395.000	0.000	0.160	-0.406	100.000	0.000	0.000
2969395.000	0.000	0.160	-0.406	100.000	0.000	0.000
2969425.000	0.000	0.120	-0.312	100.000	0.000	0.000
2969425.000	0.000	0.120	-0.312	100.000	0.000	0.000
2969425.000	0.000	0.120	-0.312	100.000	0.000	0.000
2969455.000	0.000	0.090	-0.234	100.000	0.000	0.000
2969455.000	0.000	0.090	-0.234	100.000	0.000	0.000
2969455.000	0.000	0.090	-0.234	100.000	0.000	0.000
2969485.000	0.000	0.050	-0.141	100.000	0.000	0.000
2969485.000	0.000	0.050	-0.141	100.000	0.000	0.000
2969485.000	0.000	0.050	-0.141	100.000	0.000	0.000
2969515.000	0.000	0.010	-0.047	100.000	0.000	0.000
2969515.000	0.000	0.010	-0.047	100.000	0.000	0.000
2969515.000	0.000	0.010	-0.047	100.000	0.000	0.000
2969545.000	0.000	-0.030	0.047	100.000	0.000	0.000
2969545.000	0.000	-0.030	0.047	100.000	0.000	0.000
2969545.000	0.000	-0.030	0.047	100.000	0.000	0.000
2969575.000	0.000	-0.070	0.141	100.000	0.000	0.000
2969575.000	0.000	-0.070	0.141	100.000	0.000	0.000
2969575.000	0.000	-0.070	0.141	100.000	0.000	0.000
2969605.000	0.000	-0.100	0.219	100.000	0.000	0.000
2969605.000	0.000	-0.100	0.219	100.000	0.000	0.000
2969605.000	0.000	-0.100	0.219	100.000	0.000	0.000
2969635.000	0.000	-0.140	0.312	100.000	0.000	0.000
2969635.000	0.000	-0.140	0.312	100.000	0.000	0.000
2969635.000	0.000	-0.140	0.312	100.000	0.000	0.000
2969665.000	0.000	-0.170	0.391	100.000	0.000	0.000
2969665.000	0.000	-0.170	0.391	100.000	0.000	0.000
2969665.000	0.000	-0.170	0.391	100.000	0.000	0.000
2969695.000	0.000	-0.200	0.453	100.000	0.000	0.000
2969695.000	0.000	-0.200	0.453	100.000	0.000	0.000
2969695.000	0.000	-0.200	0.453	100.000	0.000	0.000
2969725.000	0.000	-0.230	0.516	100.000	0.000	0.000
2969725.000	0.000	-0.230	0.516	100.000	0.000	0.000
2969725.000	0.000	-0.230	0.516	100.000	0.000	0.000
2969755.000	0.000	-0.250	0.578	100.000	0.000	0.000
2969755.000	0.000	-0.250	0.578	100.000	0.000	0.000
2969755.000	0.000	-0.250	0.578	100.000	0.000	0.000
2969785.000	0.000	-0.270	0.609	100.000	0.000	0.000
2969785.000	0.000	-0.270	0.609	100.000	0.000	0.000
2969785.000	0.000	-0.270	0.609	100.000	0.000	0.000
2969815.000	0.000	-0.280	0.656	100.000	0.000	0.000
2969815.000	0.000	-0.280	0.656	100.000	0.000	0.000
2969815.000	0.000	-0.280	0.656	100.000	0.000	0.000
2969845.000	0.000	-0.290	0.672	100.000	0.000	0.000
2969845.000	0.000	-0.290	0.672	100.000	0.000	0.000
2969845.000	0.000	-0.290	0.672	100.000	0.000	0.000
2969875.000	0.000	-0.290	0.687	100.000	0.000	0.000
2969875.000	0.000	-0.290	0.687	100.000	0.000	0.000
2969875.000	0.000	-0.290	0.687	100.000	0.000	0.000
2969905.000	0.000	-0.290	0.687	100.000	0.000	0.000
2969905.000	0.000	-0.290	0.687	100.000	0.000	0.000
2969905.000	0.000	-0.290	0.687	100.000	0.000	0.000
2969935.000	0.000	-0.290	0.672	100.000	0.000	0.000
2969935.000	0.000	-0.290	0.672	100.000	0.000	0.000
2969935.000	0.000	-0.290	0.672	100.000	0.000	0.000
2969965.000	0.000	-0.280	0.656	100.000	0.000	0.000
2969965.000	0.000	-0.280	0.656	100.000	0.000	0.000
2969965.000	0.000	-0.280	0.656	100.000	0.000	0.000
2969995.000	0.000	-0.270	0.625	100.000	0.000	0.000
2969995.000	0.000	-0.270	0.625	100.000	0.000	0.000
2969995.000	0.000	-0.270	0.625	100.000	0.000	0.000
2970025.000	0.000	-0.250	0.578	100.000	0.000	0.000
2970025.000	0.000	-0.250	0.578	100.000	0.000	0.000
2970025.000	0.000	-0.250	0.578	100.000	0.000	0.000
2970055.000	0.000	-0.230	0.531	100.000	0.000	0.000
2970055.000	0.000	-0.230	0.531	100.000	0.000	0.000
2970055.000	0.000	-0.230	0.531	100.000	0.000	0.000
2970085.000	0.000	-0.200	0.469	100.000	0.000	0.000
2970085.000	0.000	-0.200	0.469	100.000	0.000	0.000
2970085.000	0.000	-0.200	0.469	100.000	0.000	0.000
2970115.000	0.000	-0.180	0.406	100.000	0.000	0.000
2970115.000	0.000	-0.180	0.406	100.000	0.000	0.000
2970115.000	0.000	-0.180	0.406	100.000	0.000	0.000
2970145.000	0.000	-0.150	0.328	100.000	0.000	0.000
2970145.000	0.000	-0.150	0.328	100.000	0.000	0.000
2970145.000	0.000	-0.150	0.328	100.000	0.000	0.000
2970175.000	0.000	-0.110	0.250	100.000	0.000	0.000
2970175.000	0.000	-0.110	0.250	100.000	0.000	0.000
2970175.000	0.000	-0.110	0.250	100.000	0.000	0.000
2970205.000	0.000	-0.080	0.172	100.000	0.000	0.000
2970205.000	0.000	-0.080	0.172	100.000	0.000	0.000
2970205.000	0.000	-0.080	0.172	100.000	0.000	0.000
2970235.000	0.000	-0.040	0.094	100.000	0.000	0.000
2970235.000	0.000	-0.040	0.094	100.000	0.000	0.000
2970235.000	0.000	-0.040	0.094	100.000	0.000	0.000
2970265.000	0.000	-0.010	0.016	100.000	0.000	0.000
2970265.000	0.000	-0.010	0.016	100.000	0.000	0.000
2970265.000	0.000	-0.010	0.016	100.000	0.000	0.000
2970295.000	0.000	0.020	-0.078	100.000	0.000	0.000
2970295.000	0.000	0.020	-0.078	100.000	0.000	0.000
2970295.000	0.000	0.020	-0.078	100.000	0.000	0.000
2970325.000	0.000	0.060	-0.156	100.000	0.000	0.000
2970325.000	0.000	0.060	-0.156	100.000	0.000	0.000
2970325.000	0.000	0.060	-0.156	100.000	0.000	0.000
2970355.000	0.000	0.090	-0.234	100.000	0.000	0.000
2970355.000	0.000	0.090	-0.234	100.000	0.000	0.000
2970355.000	0.000	0.090	-0.234	100.000	0.000	0.000
2970385.000	0.000	0.120	-0.297	100.000	0.000	0.000
2970385.000	0.000	0.120	-0.297	100.000	0.000	0.000
2970385.000	0.000	0.120	-0.297	100.000	0.000	0.000
2970415.000	0.000	0.150	-0.375	100.000	0.000	0.000
2970415.000	0.000	0.150	-0.375	100.000	0.000	0.000
2970415.000	0.000	0.150	-0.375	100.000	0.000	0.000
2970445.000	0.000	0.170	-0.422	100.000	0.000	0.000
2970445.000	0.000	0.170	-0.422	100.000	0.000	0.000
2970445.000	0.000	0.170	-0.422	100.000	0.000	0.000
2970475.000	0.000	0.190	-0.484	100.000	0.000	0.000
2970475.000	0.000	0.190	-0.484	100.000	0.000	0.000
2970475.000	0.000	0.190	-0.484	100.000	0.000	0.000
2970505.000	0.000	0.210	-0.531	100.000	0.000	0.000
2970505.000	0.000	0.210	-0.531	100.000	0.000	0.000
2970505.000	0.000	0.210	-0.531	100.000	0.000	0.000
2970535.000	0.000	0.230	-0.578	100.000	0.000	0.000
2970535.000	0.000	0.230	-0.578	100.000	0.000	0.000
2970535.000	0.000	0.230	-0.578	100.000	0.000	0.000
2970565.000	0.000	0.240	-0.609	100.000	0.000	0.000
2970565.000	0.000	0.240	-0.609	100.000	0.000	0.000
2970565.000	0.000	0.240	-0.609	100.000	0.000	0.000
2970595.000	0.000	0.250	-0.625	100.000	0.000	0.000
2970595.000	0.000	0.250	-0.625	100.000	0.000	0.000
2970595.000	0.000	0.250	-0.625	100.000	0.000	0.000
2970625.000	0.000	0.260	-0.641	100.000	0.000	0.000
2970625.000	0.000	0.260	-0.641	100.000	0.000	0.000
2970625.000	0.000	0.260	-0.641	100.000	0.000	0.000
2970655.000	0.000	0.260	-0.641	100.000	0.000	0.000
2970655.000	0.000	0.260	-0.641	100.000	0.000	0.000
2970655.000	0.000	0.260	-0.641	100.000	0.000	0.000
2970685.000	0.000	0.260	-0.641	100.000	0.000	0.000
2970685.000	0.000	0.260	-0.641	100.000	0.000	0.000
2970685.000	0.000	0.260	-0.641	100.000	0.000	0.000
2970715.000	0.000	0.250	-0.625	100.000	0.000	0.000
2970715.000	0.000	0.250	-0.625	100.000	0.000	0.000
2970715.000	0.000	0.250	-0.625	100.000	0.000	0.000
2970745.000	0.000	0.240	-0.594	100.000	0.000	0.000
2970745.000	0.000	0.240	-0.594	100.000	0.000	0.000
2970745.000	0.000	0.240	-0.594	100.000	0.000	0.000
2970775.000	0.000	0.230	-0.562	100.000	0.000	0.000
2970775.000	0.000	0.230	-0.562	100.000	0.000	0.000
2970775.000	0.000	0.230	-0.562	100.000	0.000	0.000
2970805.000	0.000	0.210	-0.516	100.000	0.000	0.000
2970805.000	0.000	0.210	-0.516	100.000	0.000	0.000
2970805.000	0.000	0.210	-0.516	100.000	0.000	0.000
2970835.000	0.000	0.190	-0.469	100.000	0.000	0.000
2970835.000	0.000	0.190	-0.469	100.000	0.000	0.000
2970835.000	0.000	0.190	-0.469	100.000	0.000	0.000
2970865.000	0.000	0.170	-0.422	100.000	0.000	0.000
2970865.000	0.000	0.170	-0.422	100.000	0.000	0.000
2970865.000	0.000	0.170	-0.422	100.000	0.000	0.000
2970895.000	0.000	0.140	-0.359	100.000	0.000	0.000
2970895.000	0.000	0.140	-0.359	100.000	0.000	0.000
2970895.000	0.000	0.140	-0.359	100.000	0.000	0.000
2970925.000	0.000	0.120	-0.297	100.000	0.000	0.000
2970925.000	0.000	0.120	-0.297	100.000	0.000	0.000
2970925.000	0.000	0.120	-0.297	100.000	0.000	0.000
2970955.000	0.000	0.090	-0.234	100.000	0.000	0.000
2970955.000	0.000	0.090	-0.234	100.000	0.000	0.000
2970955.000	0.000	0.090	-0.234	100.000	0.000	0.000
2970985.000	0.000	0.060	-0.172	100.000	0.000	0.000
2970985.000	0.000	0.060	-0.172	100.000	0.000	0.000
2970985.000	0.000	0.060	-0.172	100.000	0.000	0.000
2971015.000	0.000	0.030	-0.094	100.000	0.000	0.000
2971015.000	0.000	0.030	-0.094	100.000	0.000	0.000
2971015.000	0.000	0.030	-0.094	100.000	0.000	0.000
2971045.000	0.000	0.000	-0.016	100.000	0.000	0.000
2971045.000	0.000	0.000	-0.016	100.000	0.000	0.000
2971045.000	0.000	0.000	-0.016	100.000	0.000	0.000
2971075.000	0.000	-0.030	0.047	100.000	0.000	0.000
2971075.000	0.000	-0.030	0.047	100.000	0.000	0.000
2971075.000	0.000	-0.030	0.047	100.000	0.000	0.000
2971105.000	0.000	-0.060	0.125	100.000	0.000	0.000
2971105.000	0.000	-0.060	0.125	100.000	0.000	0.000
2971105.000	0.000	-0.060	0.125	100.000	0.000	0.000
2971135.000	0.000	-0.090	0.187	100.000	0.000	0.000
2971135.000	0.000	-0.090	0.187	100.000	0.000	0.000
2971135.000	0.000	-0.090	0.187	100.000	0.000	0.000
2971165.000	0.000	-0.110	0.250	100.000	0.000	0.000
2971165.000	0.000	-0.110	0.250	100.000	0.000	0.000
2971165.000	0.000	-0.110	0.250	100.000	0.000	0.000
2971195.000	0.000	-0.140	0.312	100.000	0.000	0.000
2971195.000	0.000	-0.140	0.312	100.000	0.000	0.000
2971195.000	0.000	-0.140	0.312	100.000	0.000	0.000
2971225.000	0.000	-0.160	0.359	100.000	0.000	0.000
2971225.000	0.000	-0.160	0.359	100.000	0.000	0.000
2971225.000	0.000	-0.160	0.359	100.000	0.000	0.000
2971255.000	0.000	-0.180	0.406	100.000	0.000	0.000
2971255.000	0.000	-0.180	0.406	100.000	0.000	0.000
2971255.000	0.000	-0.180	0.406	100.000	0.000	0.000
2971285.000	0.000	-0.200	0.453	100.000	0.000	0.000
2971285.000	0.000	-0.200	0.453	100.000	0.000	0.000
2971285.000	0.000	-0.200	0.453	100.000	0.000	0.000
2971315.000	0.000	-0.210	0.484	100.000	0.000	0.000
2971315.000	0.000	-0.210	0.484	100.000	0.000	0.000
2971315.000	0.000	-0.210	0.484	100.000	0.000	0.000
2971345.000	0.000	-0.220	0.500	100.000	0.000	0.000
2971345.000	0.000	-0.220	0.500	100.000	0.000	0.000
2971345.000	0.000	-0.220	0.500	100.000	0.000	0.000
2971375.000	0.000	-0.230	0.516	100.000	0.000	0.000
2971375.000	0.000	-0.230	0.516	100.000	0.000	0.000
2971375.000	0.000	-0.230	0.516	100.000	0.000	0.000
2971405.000	0.000	-0.230	0.516	100.000	0.000	0.000
2971405.000	0.000	-0.230	0.516	100.000	0.000	0.000
2971405.000	0.000	-0.230	0.516	100.000	0.000	0.000
2971435.000	0.000	-0.230	0.516	100.000	0.000	0.000
2971435.000	0.000	-0.230	0.516	100.000	0.000	0.000
2971435.000	0.000	-0.230	0.516	100.000	0.000	0.000
2971465.000	0.000	-0.220	0.500	100.000	0.000	0.000
2971465.000	0.000	-0.220	0.500	100.000	0.000	0.000
2971465.000	0.000	-0.220	0.500	100.000	0.000	0.000
2971495.000	0.000	-0.210	0.484	100.000	0.000	0.000
2971495.000	0.000	-0.210	0.484	100.000	0.000	0.000
2971495.000	0.000	-0.210	0.484	100.000	0.000	0.000
2971525.000	0.000	-0.200	0.453	100.000	0.000	0.000
2971525.000	0.000	-0.200	0.453	100.000	0.000	0.000
2971525.000	0.000	-0.200	0.453	100.000	0.000	0.000
2971555.000	0.000	-0.180	0.422	100.000	0.000	0.000
2971555.000	0.000	-0.180	0.422	100.000	0.000	0.000
2971555.000	0.000	-0.180	0.422	100.000	0.000	0.000
2971585.000	0.000	-0.160	0.375	100.000	0.000	0.000
2971585.000	0.000	-0.160	0.375	100.000	0.000	0.000
2971585.000	0.000	-0.160	0.375	100.000	0.000	0.000
2971615.000	0.000	-0.140	0.328	100.000	0.000	0.000
2971615.000	0.000	-0.140	0.328	100.000	0.000	0.000
2971615.000	0.000	-0.140	0.328	100.000	0.000	0.000
2971645.000	0.000	-0.120	0.281	100.000	0.000	0.000
2971645.000	0.000	-0.120	0.281	100.000	0.000	0.000
2971645.000	0.000	-0.120	0.281	100.000	0.000	0.000
2971675.000	0.000	-0.100	0.219	100.000	0.000	0.000
2971675.000	0.000	-0.100	0.219	100.000	0.000	0.000
2971675.000	0.000	-0.100	0.219	100.000	0.000	0.000
2971705.000	0.000	-0.070	0.156	100.000	0.000	0.000
2971705.000	0.000	-0.070	0.156	100.000	0.000	0.000
2971705.000	0.000	-0.070	0.156	100.000	0.000	0.000
2971735.000	0.000	-0.040	0.094	100.000	0.000	0.000
2971735.000	0.000	-0.040	0.094	100.000	0.000	0.000
2971735.000	0.000	-0.040	0.094	100.000	0.000	0.000
2971765.000	0.000	-0.020	0.031	100.000	0.000	0.000
2971765.000	0.000	-0.020	0.031	100.000	0.000	0.000
2971765.000	0.000	-0.020	0.031	100.000	0.000	0.000
2971795.000	0.000	0.010	-0.031	100.000	0.000	0.000
2971795.000	0.000	0.010	-0.031	100.000	0.000	0.000
2971795.000	0.000	0.010	-0.031	100.000	0.000	0.000
2971825.000	0.000	0.040	-0.094	100.000	0.000	0.000
2971825.000	0.000	0.040	-0.094	100.000	0.000	0.000
2971825.000	0.000	0.040	-0.094	100.000	0.000	0.000
2971855.000	0.000	0.060	-0.156	100.000	0.000	0.000
2971855.000	0.000	0.060	-0.156	100.000	0.000	0.000
2971855.000	0.000	0.060	-0.156	100.000	0.000	0.000
2971885.000	0.000	0.080	-0.219	100.000	0.000	0.000
2971885.000	0.000	0.080	-0.219	100.000	0.000	0.000
2971885.000	0.000	0.080	-0.219	100.000	0.000	0.000
2971915.000	0.000	0.110	-0.266	100.000	0.000	0.000
2971915.000	0.000	0.110	-0.266	100.000	0.000	0.000
2971915.000	0.000	0.110	-0.266	100.000	0.000	0.000
2971945.000	0.000	0.130	-0.312	100.000	0.000	0.000
2971945.000	0.000	0.130	-0.312	100.000	0.000	0.000
2971945.000	0.000	0.130	-0.312	100.000	0.000	0.000
2971975.000	0.000	0.140	-0.359	100.000	0.000	0.000
2971975.000	0.000	0.140	-0.359	100.000	0.000	0.000
2971975.000	0.000	0.140	-0.359	100.000	0.000	0.000
2972005.000	0.000	0.160	-0.391	100.000	0.000	0.000
2972005.000	0.000	0.160	-0.391	100.000	0.000	0.000
2972005.000	0.000	0.160	-0.391	100.000	0.000	0.000
2972035.000	0.000	0.170	-0.422	100.000	0.000	0.000
2972035.000	0.000	0.170	-0.422	100.000	0.000	0.000
2972035.000	0.000	0.170	-0.422	100.000	0.000	0.000
2972065.000	0.000	0.180	-0.453	100.000	0.000	0.000
2972065.000	0.000	0.180	-0.453	100.000	0.000	0.000
2972065.000	0.000	0.180	-0.453	100.000	0.000	0.000
2972095.000	0.000	0.190	-0.469	100.000	0.000	0.000
2972095.000	0.000	0.190	-0.469	100.000	0.000	0.000
2972095.000	0.000	0.190	-0.469	100.000	0.000	0.000
2972125.000	0.000	0.190	-0.484	100.000	0.000	0.000
2972125.000	0.000	0.190	-0.484	100.000	0.000	0.000
2972125.000	0.000	0.190	-0.484	100.000	0.000	0.000
2972155.000	0.000	0.190	-0.484	100.000	0.000	0.000
2972155.000	0.000	0.190	-0.484	100.000	0.000	0.000
2972155.000	0.000	0.190	-0.484	100.000	0.000	0.000
2972185.000	0.000	0.190	-0.484	100.000	0.000	0.000
2972185.000	0.000	0.190	-0.484	100.000	0.000	0.000
2972185.000	0.000	0.190	-0.484	100.000	0.000	0.000
2972215.000	0.000	0.190	-0.469	100.000	0.000	0.000
2972215.000	0.000	0.190	-0.469	100.000	0.000	0.000
2972215.000	0.000	0.190	-0.469	100.000	0.000	0.000
2972245.000	0.000	0.180	-0.453	100.000	0.000	0.000
2972245.000	0.000	0.180	-0.453	100.000	0.000	0.000
2972245.000	0.000	0.180	-0.453	100.000	0.000	0.000
2972275.000	0.000	0.170	-0.437	100.000	0.000	0.000
2972275.000	0.000	0.170	-0.437	100.000	0.000	0.000
2972275.000	0.000	0.170	-0.437	100.000	0.000	0.000
2972305.000	0.000	0.160	-0.406	100.000	0.000	0.000
2972305.000	0.000	0.160	-0.406	100.000	0.000	0.000
2972305.000	0.000	0.160	-0.406	100.000	0.000	0.000
2972335.000	0.000	0.150	-0.375	100.000	0.000	0.000
2972335.000	0.000	0.150	-0.375	100.000	0.000	0.000
2972335.000	0.000	0.150	-0.375	100.000	0.000	0.000
2972365.000	0.000	0.130	-0.328	100.000	0.000	0.000
2972365.000	0.000	0.130	-0.328	100.000	0.000	0.000
2972365.000	0.000	0.130	-0.328	100.000	0.000	0.000
2972395.000	0.000	0.110	-0.281	100.000	0.000	0.000
2972395.000	0.000	0.110	-0.281	100.000	0.000	0.000
2972395.000	0.000	0.110	-0.281	100.000	0.000	0.000
2972425.000	0.000	0.090	-0.234	100.000	0.000	0.000
2972425.000	0.000	0.090	-0.234	100.000	0.000	0.000
2972425.000	0.000	0.090	-0.234	100.000	0.000	0.000
2972450.000	0.000	0.070	-0.203	100.000	0.000	0.000
2972450.000	0.000	0.070	-0.203	100.000	0.000	0.000
2972450.000	0.000	0.070	-0.203	100.000	0.000	0.000
2972485.000	0.000	0.050	-0.141	100.000	0.000	0.000
2972485.000	0.000	0.050	-0.141	100.000	0.000	0.000
2972485.000	0.000	0.050	-0.141	100.000	0.000	0.000
2972515.000	0.000	0.030	-0.094	100.000	0.000	0.000
2972515.000	0.000	0.030	-0.094	100.000	0.000	0.000
2972515.000	0.000	0.030	-0.094	100.000	0.000	0.000
2972545.000	0.000	0.000	-0.031	100.000	0.000	0.000
2972545.000	0.000	0.000	-0.031	100.000	0.000	0.000
2972545.000	0.000	0.000	-0.031	100.000	0.000	0.000
2972575.000	0.000	-0.020	0.016	100.000	0.000	0.000
2972575.000	0.000	-0.020	0.016	100.000	0.000	0.000
2972575.000	0.000	-0.020	0.016	100.000	0.000	0.000
2972605.000	0.000	-0.040	0.078	100.000	0.000	0.000
2972605.000	0.000	-0.040	0.078	100.000	0.000	0.000
2972605.000	0.000	-0.040	0.078	100.000	0.000	0.000
2972635.000	0.000	-0.060	0.125	100.000	0.000	0.000
2972635.000	0.000	-0.060	0.125	100.000	0.000	0.000
2972635.000	0.000	-0.060	0.125	100.000	0.000	0.000
2972665.000	0.000	-0.080	0.172	100.000	0.000	0.000
2972665.000	0.000	-0.080	0.172	100.000	0.000	0.000
2972665.000	0.000	-0.080	0.172	100.000	0.000	0.000
2972695.000	0.000	-0.100	0.219	100.000	0.000	0.000
2972695.000	0.000	-0.100	0.219	100.000	0.000	0.000
2972695.000	0.000	-0.100	0.219	100.000	0.000	0.000
2972725.000	0.000	-0.120	0.250	100.000	0.000	0.000
2972725.000	0.000	-0.120	0.250	100.000	0.000	0.000
2972725.000	0.000	-0.120	0.250	100.000	0.000	0.000
2972755.000	0.000	-0.130	0.297	100.000	0.000	0.000
2972755.000	0.000	-0.130	0.297	100.000	0.000	0.000
2972755.000	0.000	-0.130	0.297	100.000	0.000	0.000
2972785.000	0.000	-0.140	0.312	100.000	0.000	0.000
2972785.000	0.000	-0.140	0.312	100.000	0.000	0.000
2972785.000	0.000	-0.140	0.312	100.000	0.000	0.000
2972815.000	0.000	-0.150	0.344	100.000	0.000	0.000
2972815.000	0.000	-0.150	0.344	100.000	0.000	0.000
2972815.000	0.000	-0.150	0.344	100.000	0.000	0.000
2972845.000	0.000	-0.160	0.359	100.000	0.000	0.000
2972845.000	0.000	-0.160	0.359	100.000	0.000	0.000
2972845.000	0.000	-0.160	0.359	100.000	0.000	0.000
2972870.000	0.000	-0.160	0.375	100.000	0.000	0.000
2972870.000	0.000	-0.160	0.375	100.000	0.000	0.000
2972870.000	0.000	-0.160	0.375	100.000	0.000	0.000
2972905.000	0.000	-0.170	0.375	100.000	0.000	0.000
2972905.000	0.000	-0.170	0.375	100.000	0.000	0.000
2972905.000	0.000	-0.170	0.375	100.000	0.000	0.000
2972935.000	0.000	-0.170	0.375	100.000	0.000	0.000
2972935.000	0.000	-0.170	0.375	100.000	0.000	0.000
2972935.000	0.000	-0.170	0.375	100.000	0.000	0.000
2972965.000	0.000	-0.160	0.375	100.000	0.000	0.000
2972965.000	0.000	-0.160	0.375	100.000	0.000	0.000
2972965.000	0.000	-0.160	0.375	100.000	0.000	0.000
2972995.000	0.000	-0.160	0.359	100.000	0.000	0.000
2972995.000	0.000	-0.160	0.359	100.000	0.000	0.000
2972995.000	0.000	-0.160	0.359	100.000	0.000	0.000
2973025.000	0.000	-0.150	0.328	100.000	0.000	0.000
2973025.000	0.000	-0.150	0.328	100.000	0.000	0.000
2973025.000	0.000	-0.150	0.328	100.000	0.000	0.000
2973055.000	0.000	-0.140	0.312	100.000	0.000	0.000
2973055.000	0.000	-0.140	0.312	100.000	0.000	0.000
2973055.000	0.000	-0.140	0.312	100.000	0.000	0.000
2973085.000	0.000	-0.120	0.281	100.000	0.000	0.000
2973085.000	0.000	-0.120	0.281	100.000	0.000	0.000
2973085.000	0.000	-0.120	0.281	100.000	0.000	0.000
2973115.000	0.000	-0.110	0.234	100.000	0.000	0.000
2973115.000	0.000	-0.110	0.234	100.000	0.000	0.000
2973115.000	0.000	-0.110	0.234	100.000	0.000	0.000
2973145.000	0.000	-0.090	0.203	100.000	0.000	0.000
2973145.000	0.000	-0.090	0.203	100.000	0.000	0.000
2973145.000	0.000	-0.090	0.203	100.000	0.000	0.000
2973170.000	0.000	-0.080	0.172	100.000	0.000	0.000
2973170.000	0.000	-0.080	0.172	100.000	0.000	0.000
2973170.000	0.000	-0.080	0.172	100.000	0.000	0.000
2973205.000	0.000	-0.060	0.125	100.000	0.000	0.000
2973205.000	0.000	-0.060	0.125	100.000	0.000	0.000
2973205.000	0.000	-0.060	0.125	100.000	0.000	0.000
2973235.000	0.000	-0.040	0.078	100.000	0.000	0.000
2973235.000	0.000	-0.040	0.078	100.000	0.000	0.000
2973235.000	0.000	-0.040	0.078	100.000	0.000	0.000
2973265.000	0.000	-0.020	0.031	100.000	0.000	0.000
2973265.000	0.000	-0.020	0.031	100.000	0.000	0.000
2973265.000	0.000	-0.020	0.031	100.000	0.000	0.000
2973295.000	0.000	0.000	-0.016	100.000	0.000	0.000
2973295.000	0.000	0.000	-0.016	100.000	0.000	0.000
2973295.000	0.000	0.000	-0.016	100.000	0.000	0.000
2973325.000	0.000	0.020	-0.062	100.000	0.000	0.000
2973325.000	0.000	0.020	-0.062	100.000	0.000	0.000
2973325.000	0.000	0.020	-0.062	100.000	0.000	0.000
2973355.000	0.000	0.030	-0.094	100.000	0.000	0.000
2973355.000	0.000	0.030	-0.094	100.000	0.000	0.000
2973355.000	0.000	0.030	-0.094	100.000	0.000	0.000
2973385.000	0.000	0.050	-0.141	100.000	0.000	0.000
2973385.000	0.000	0.050	-0.141	100.000	0.000	0.000
2973385.000	0.000	0.050	-0.141	100.000	0.000	0.000
2973410.000	0.000	0.060	-0.172	100.000	0.000	0.000
2973410.000	0.000	0.060	-0.172	100.000	0.000	0.000
2973410.000	0.000	0.060	-0.172	100.000	0.000	0.000
2973440.000	0.000	0.080	-0.203	100.000	0.000	0.000
2973440.000	0.000	0.080	-0.203	100.000	0.000	0.000
2973440.000	0.000	0.080	-0.203	100.000	0.000	0.000
2973470.000	0.000	0.090	-0.234	100.000	0.000	0.000
2973470.000	0.000	0.090	-0.234	100.000	0.000	0.000
2973470.000	0.000	0.090	-0.234	100.000	0.000	0.000
2973505.000	0.000	0.100	-0.266	100.000	0.000	0.000
2973505.000	0.000	0.100	-0.266	100.000	0.000	0.000
2973505.000	0.000	0.100	-0.266	100.000	0.000	0.000
2973530.000	0.000	0.110	-0.281	100.000	0.000	0.000
2973530.000	0.000	0.110	-0.281	100.000	0.000	0.000
2973530.000	0.000	0.110	-0.281	100.000	0.000	0.000
2973560.000	0.000	0.120	-0.297	100.000	0.000	0.000
2973560.000	0.000	0.120	-0.297	100.000	0.000	0.000
2973560.000	0.000	0.120	-0.297	100.000	0.000	0.000
2973590.000	0.000	0.120	-0.312	100.000	0.000	0.000
2973590.000	0.000	0.120	-0.312	100.000	0.000	0.000
2973590.000	0.000	0.120	-0.312	100.000	0.000	0.000
2973625.000	0.000	0.130	-0.312	100.000	0.000	0.000
2973625.000	0.000	0.130	-0.312	100.000	0.000	0.000
2973625.000	0.000	0.130	-0.312	100.000	0.000	0.000
2973650.000	0.000	0.130	-0.328	100.000	0.000	0.000
2973650.000	0.000	0.130	-0.328	100.000	0.000	0.000
2973650.000	0.000	0.130	-0.328	100.000	0.000	0.000
2973680.000	0.000	0.130	-0.312	100.000	0.000	0.000
2973680.000	0.000	0.130	-0.312	100.000	0.000	0.000
2973680.000	0.000	0.130	-0.312	100.000	0.000	0.000
2973715.000	0.000	0.120	-0.312	100.000	0.000	0.000
2973715.000	0.000	0.120	-0.312	100.000	0.000	0.000
2973715.000	0.000	0.120	-0.312	100.000	0.000	0.000
2973740.000	0.000	0.120	-0.297	100.000	0.000	0.000
2973740.000	0.000	0.120	-0.297	100.000	0.000	0.000
2973740.000	0.000	0.120	-0.297	100.000	0.000	0.000
2973775.000	0.000	0.110	-0.281	100.000	0.000	0.000
2973775.000	0.000	0.110	-0.281	100.000	0.000	0.000
2973775.000	0.000	0.110	-0.281	100.000	0.000	0.000
2973805.000	0.000	0.100	-0.250	100.000	0.000	0.000
2973805.000	0.000	0.100	-0.250	100.000	0.000	0.000
2973805.000	0.000	0.100	-0.250	100.000	0.000	0.000
2973835.000	0.000	0.090	-0.234	100.000	0.000	0.000
2973835.000	0.000	0.090	-0.234	100.000	0.000	0.000
2973835.000	0.000	0.090	-0.234	100.000	0.000	0.000
2973865.000	0.000	0.080	-0.203	100.000	0.000	0.000
2973865.000	0.000	0.080	-0.203	100.000	0.000	0.000
2973865.000	0.000	0.080	-0.203	100.000	0.000	0.000
2973895.000	0.000	0.060	-0.172	100.000	0.000	0.000
2973895.000	0.000	0.060	-0.172	100.000	0.000	0.000
2973895.000	0.000	0.060	-0.172	100.000	0.000	0.000
2973920.000	0.000	0.050	-0.156	100.000	0.000	0.000
2973920.000	0.000	0.050	-0.156	100.000	0.000	0.000
2973920.000	0.000	0.050	-0.156	100.000	0.000	0.000
2973950.000	0.000	0.040	-0.109	100.000	0.000	0.000
2973950.000	0.000	0.040	-0.109	100.000	0.000	0.000
2973950.000	0.000	0.040	-0.109	100.000	0.000	0.000
2973980.000	0.000	0.030	-0.078	100.000	0.000	0.000
2973980.000	0.000	0.030	-0.078	100.000	0.000	0.000
2973980.000	0.000	0.030	-0.078	100.000	0.000	0.000
2974010.000	0.000	0.010	-0.047	100.000	0.000	0.000
2974010.000	0.000	0.010	-0.047	100.000	0.000	0.000
2974010.000	0.000	0.010	-0.047	100.000	0.000	0.000
2974040.000	0.000	0.000	-0.016	100.000	0.000	0.000
2974040.000	0.000	0.000	-0.016	100.000	0.000	0.000
2974040.000	0.000	0.000	-0.016	100.000	0.000	0.000
2974070.000	0.000	-0.020	0.016	100.000	0.000	0.000
2974070.000	0.000	-0.020	0.016	100.000	0.000	0.000
2974070.000	0.000	-0.020	0.016	100.000	0.000	0.000
2974100.000	0.000	-0.030	0.047	100.000	0.000	0.000
2974100.000	0.000	-0.030	0.047	100.000	0.000	0.000
2974100.000	0.000	-0.030	0.047	100.000	0.000	0.000
2974130.000	0.000	-0.040	0.078	100.000	0.000	0.000
2974130.000	0.000	-0.040	0.078	100.000	0.000	0.000
2974130.000	0.000	-0.040	0.078	100.000	0.000	0.000
2974165.000	0.000	-0.060	0.109	100.000	0.000	0.000
2974165.000	0.000	-0.060	0.109	100.000	0.000	0.000
2974165.000	0.000	-0.060	0.109	100.000	0.000	0.000
2974190.000	0.000	-0.070	0.141	100.000	0.000	0.000
2974190.000	0.000	-0.070	0.141	100.000	0.000	0.000
2974190.000	0.000	-0.070	0.141	100.000	0.000	0.000
2974220.000	0.000	-0.080	0.156	100.000	0.000	0.000
2974220.000	0.000	-0.080	0.156	100.000	0.000	0.000
2974220.000	0.000	-0.080	0.156	100.000	0.000	0.000
2974250.000	0.000	-0.080	0.172	100.000	0.000	0.000
2974250.000	0.000	-0.080	0.172	100.000	0.000	0.000
2974250.000	0.000	-0.080	0.172	100.000	0.000	0.000
2974280.000	0.000	-0.090	0.203	100.000	0.000	0.000
2974280.000	0.000	-0.090	0.203	100.000	0.000	0.000
2974280.000	0.000	-0.090	0.203	100.000	0.000	0.000
2974310.000	0.000	-0.100	0.203	100.000	0.000	0.000
2974310.000	0.000	-0.100	0.203	100.000	0.000	0.000
2974310.000	0.000	-0.100	0.203	100.000	0.000	0.000
2974340.000	0.000	-0.100	0.219	100.000	0.000	0.000
2974340.000	0.000	-0.100	0.219	100.000	0.000	0.000
2974340.000	0.000	-0.100	0.219	100.000	0.000	0.000
2974370.000	0.000	-0.100	0.219	100.000	0.000	0.000
2974370.000	0.000	-0.100	0.219	100.000	0.000	0.000
2974370.000	0.000	-0.100	0.219	100.000	0.000	0.000
2974400.000	0.000	-0.100	0.219	100.000	0.000	0.000
2974400.000	0.000	-0.100	0.219	100.000	0.000	0.000
2974400.000	0.000	-0.100	0.219	100.000	0.000	0.000
2974430.000	0.000	-0.100	0.219	100.000	0.000	0.000
2974430.000	0.000	-0.100	0.219	100.000	0.000	0.000
2974430.000	0.000	-0.100	0.219	100.000	0.000	0.000
2974460.000	0.000	-0.100	0.219	100.000	0.000	0.000
2974460.000	0.000	-0.100	0.219	100.000	0.000	0.000
2974460.000	0.000	-0.100	0.219	100.000	0.000	0.000
2974490.000	0.000	-0.090	0.203	100.000	0.000	0.000
2974490.000	0.000	-0.090	0.203	100.000	0.000	0.000
2974490.000	0.000	-0.090	0.203	100.000	0.000	0.000
2974520.000	0.000	-0.090	0.187	100.000	0.000	0.000
2974520.000	0.000	-0.090	0.187	100.000	0.000	0.000
2974520.000	0.000	-0.090	0.187	100.000	0.000	0.000
2974550.000	0.000	-0.080	0.172	100.000	0.000	0.000
2974550.000	0.000	-0.080	0.172	100.000	0.000	0.000
2974550.000	0.000	-0.080	0.172	100.000	0.000	0.000
2974580.000	0.000	-0.070	0.156	100.000	0.000	0.000
2974580.000	0.000	-0.070	0.156	100.000	0.000	0.000
2974580.000	0.000	-0.070	0.156	100.000	0.000	0.000
2974610.000	0.000	-0.060	0.141	100.000	0.000	0.000
2974610.000	0.000	-0.060	0.141	100.000	0.000	0.000
2974610.000	0.000	-0.060	0.141	100.000	0.000	0.000
2974640.000	0.000	-0.060	0.109	100.000	0.000	0.000
2974640.000	0.000	-0.060	0.109	100.000	0.000	0.000
2974640.000	0.000	-0.060	0.109	100.000	0.000	0.000
2974670.000	0.000	-0.050	0.094	100.000	0.000	0.000
2974670.000	0.000	-0.050	0.094	100.000	0.000	0.000
2974670.000	0.000	-0.050	0.094	100.000	0.000	0.000
2974700.000	0.000	-0.040	0.062	100.000	0.000	0.000
2974700.000	0.000	-0.040	0.062	100.000	0.000	0.000
2974700.000	0.000	-0.040	0.062	100.000	0.000	0.000
2974730.000	0.000	-0.030	0.047	100.000	0.000	0.000
2974730.000	0.000	-0.030	0.047	100.000	0.000	0.000
2974730.000	0.000	-0.030	0.047	100.000	0.000	0.000
2974760.000	0.000	-0.020	0.031	100.000	0.000	0.000
2974760.000	0.000	-0.020	0.031	100.000	0.000	0.000
2974760.000	0.000	-0.020	0.031	100.000	0.000	0.000
2974795.000	0.000	-0.010	0.000	100.000	0.000	0.000
2974795.000	0.000	-0.010	0.000	100.000	0.000	0.000
2974795.000	0.000	-0.010	0.000	100.000	0.000	0.000
2974820.000	0.000	0.000	-0.016	100.000	0.000	0.000
2974820.000	0.000	0.000	-0.016	100.000	0.000	0.000
2974820.000	0.000	0.000	-0.016	100.000	0.000	0.000
2974850.000	0.000	0.010	-0.031	100.000	0.000	0.000
2974850.000	0.000	0.010	-0.031	100.000	0.000	0.000
2974850.000	0.000	0.010	-0.031	100.000	0.000	0.000
2974885.000	0.000	0.010	-0.047	100.000	0.000	0.000
2974885.000	0.000	0.010	-0.047	100.000	0.000	0.000
2974885.000	0.000	0.010	-0.047	100.000	0.000	0.000
2974910.000	0.000	0.020	-0.062	100.000	0.000	0.000
2974910.000	0.000	0.020	-0.062	100.000	0.000	0.000
2974910.000	0.000	0.020	-0.062	100.000	0.000	0.000
2974940.000	0.000	0.020	-0.078	100.000	0.000	0.000
2974940.000	0.000	0.020	-0.078	100.000	0.000	0.000
2974940.000	0.000	0.020	-0.078	100.000	0.000	0.000
2974970.000	0.000	0.030	-0.094	100.000	0.000	0.000
2974970.000	0.000	0.030	-0.094	100.000	0.000	0.000
2974970.000	0.000	0.030	-0.094	100.000	0.000	0.000
2975000.000	0.000	0.030	-0.109	100.000	0.000	0.000
2975000.000	0.000	0.030	-0.109	100.000	0.000	0.000
2975000.000	0.000	0.030	-0.109	100.000	0.000	0.000
2975030.000	0.000	0.040	-0.109	100.000	0.000	0.000
2975030.000	0.000	0.040	-0.109	100.000	0.000	0.000
2975030.000	0.000	0.040	-0.109	100.000	0.000	0.000
2975060.000	0.000	0.040	-0.109	100.000	0.000	0.000
2975060.000	0.000	0.040	-0.109	100.000	0.000	0.000
2975060.000	0.000	0.040	-0.109	100.000	0.000	0.000
2975090.000	0.000	0.040	-0.125	100.000	0.000	0.000
2975090.000	0.000	0.040	-0.125	100.000	0.000	0.000
2975090.000	0.000	0.040	-0.125	100.000	0.000	0.000
2975120.000	0.000	0.040	-0.125	100.000	0.000	0.000
2975120.000	0.000	0.040	-0.125	100.000	0.000	0.000
2975120.000	0.000	0.040	-0.125	100.000	0.000	0.000
2975150.000	0.000	0.040	-0.125	100.000	0.000	0.000
2975150.000	0.000	0.040	-0.125	100.000	0.000	0.000
2975150.000	0.000	0.040	-0.125	100.000	0.000	0.000
2975180.000	0.000	0.040	-0.125	100.000	0.000	0.000
2975180.000	0.000	0.040	-0.125	100.000	0.000	0.000
2975180.000	0.000	0.040	-0.125	100.000	0.000	0.000
2975210.000	0.000	0.040	-0.109	100.000	0.000	0.000
2975210.000	0.000	0.040	-0.109	100.000	0.000	0.000
2975210.000	0.000	0.040	-0.109	100.000	0.000	0.000
2975240.000	0.000	0.040	-0.109	100.000	0.000	0.000
2975240.000	0.000	0.040	-0.109	100.000	0.000	0.000
2975240.000	0.000	0.040	-0.109	100.000	0.000	0.000
2975270.000	0.000	0.030	-0.094	100.000	0.000	0.000
2975270.000	0.000	0.030	-0.094	100.000	0.000	0.000
2975270.000	0.000	0.030	-0.094	100.000	0.000	0.000
2975300.000	0.000	0.030	-0.078	100.000	0.000	0.000
2975300.000	0.000	0.030	-0.078	100.000	0.000	0.000
2975300.000	0.000	0.030	-0.078	100.000	0.000	0.000
2975330.000	0.000	0.020	-0.078	100.000	0.000	0.000
2975330.000	0.000	0.020	-0.078	100.000	0.000	0.000
2975330.000	0.000	0.020	-0.078	100.000	0.000	0.000
2975360.000	0.000	0.020	-0.062	100.000	0.000	0.000
2975360.000	0.000	0.020	-0.062	100.000	0.000	0.000
2975360.000	0.000	0.020	-0.062	100.000	0.000	0.000
2975390.000	0.000	0.010	-0.047	100.000	0.000	0.000
2975390.000	0.000	0.010	-0.047	100.000	0.000	0.000
2975390.000	0.000	0.010	-0.047	100.000	0.000	0.000
2975420.000	0.000	0.010	-0.031	100.000	0.000	0.000
2975420.000	0.000	0.010	-0.031	100.000	0.000	0.000
2975420.000	0.000	0.010	-0.031	100.000	0.000	0.000
2975450.000	0.000	0.000	-0.031	100.000	0.000	0.000
2975450.000	0.000	0.000	-0.031	100.000	0.000	0.000
2975450.000	0.000	0.000	-0.031	100.000	0.000	0.000
2975480.000	0.000	0.000	-0.016	100.000	0.000	0.000
2975480.000	0.000	0.000	-0.016	100.000	0.000	0.000
2975480.000	0.000	0.000	-0.016	100.000	0.000	0.000
2975510.000	0.000	-0.010	0.000	100.000	0.000	0.000
2975510.000	0.000	-0.010	0.000	100.000	0.000	0.000
2975510.000	0.000	-0.010	0.000	100.000	0.000	0.000
2975540.000	0.000	-0.010	0.000	100.000	0.000	0.000
2975540.000	0.000	-0.010	0.000	100.000	0.000	0.000
2975540.000	0.000	-0.010	0.000	100.000	0.000	0.000
2975570.000	0.000	-0.010	0.016	100.000	0.000	0.000
2975570.000	0.000	-0.010	0.016	100.000	0.000	0.000
2975570.000	0.000	-0.010	0.016	100.000	0.000	0.000
2975600.000	0.000	-0.020	0.016	100.000	0.000	0.000
2975600.000	0.000	-0.020	0.016	100.000	0.000	0.000
2975600.000	0.000	-0.020	0.016	100.000	0.000	0.000
2975630.000	0.000	-0.020	0.031	100.000	0.000	0.000
2975630.000	0.000	-0.020	0.031	100.000	0.000	0.000
2975630.000	0.000	-0.020	0.031	100.000	0.000	0.000
2975660.000	0.000	-0.020	0.031	100.000	0.000	0.000
2975660.000	0.000	-0.020	0.031	100.000	0.000	0.000
2975660.000	0.000	-0.020	0.031	100.000	0.000	0.000
2975690.000	0.000	-0.020	0.031	100.000	0.000	0.000
2975690.000	0.000	-0.020	0.031	100.000	0.000	0.000
2975690.000	0.000	-0.020	0.031	100.000	0.000	0.000
2975720.000	0.000	-0.020	0.031	100.000	0.000	0.000
2975720.000	0.000	-0.020	0.031	100.000	0.000	0.000
2975720.000	0.000	-0.020	0.031	100.000	0.000	0.000
2975750.000	0.000	-0.020	0.031	100.000	0.000	0.000
2975750.000	0.000	-0.020	0.031	100.000	0.000	0.000
2975750.000	0.000	-0.020	0.031	100.000	0.000	0.000
2975780.000	0.000	-0.020	0.031	100.000	0.000	0.000
2975780.000	0.000	-0.020	0.031	100.000	0.000	0.000
2975780.000	0.000	-0.020	0.031	100.000	0.000	0.000
2975810.000	0.000	-0.020	0.031	100.000	0.000	0.000
2975810.000	0.000	-0.020	0.031	100.000	0.000	0.000
2975810.000	0.000	-0.020	0.031	100.000	0.000	0.000
2975840.000	0.000	-0.020	0.016	100.000	0.000	0.000
2975840.000	0.000	-0.020	0.016	100.000	0.000	0.000
2975840.000	0.000	-0.020	0.016	100.000	0.000	0.000
2975870.000	0.000	-0.010	0.016	100.000	0.000	0.000
2975870.000	0.000	-0.010	0.016	100.000	0.000	0.000
2975870.000	0.000	-0.010	0.016	100.000	0.000	0.000
2975900.000	0.000	-0.010	0.000	100.000	0.000	0.000
2975900.000	0.000	-0.010	0.000	100.000	0.000	0.000
2975900.000	0.000	-0.010	0.000	100.000	0.000	0.000
2975930.000	0.000	-0.010	0.000	100.000	0.000	0.000
2975930.000	0.000	-0.010	0.000	100.000	0.000	0.000
2975930.000	0.000	-0.010	0.000	100.000	0.000	0.000
2975960.000	0.000	0.000	-0.016	100.000	0.000	0.000
2975960.000	0.000	0.000	-0.016	100.000	0.000	0.000
2975960.000	0.000	0.000	-0.016	100.000	0.000	0.000
2975990.000	0.000	0.000	-0.016	100.000	0.000	0.000
2975990.000	0.000	0.000	-0.016	100.000	0.000	0.000
2975990.000	0.000	0.000	-0.016	100.000	0.000	0.000
2976020.000	0.000	0.000	-0.031	100.000	0.000	0.000
2976020.000	0.000	0.000	-0.031	100.000	0.000	0.000
2976020.000	0.000	0.000	-0.031	100.000	0.000	0.000
2976050.000	0.000	0.010	-0.031	100.000	0.000	0.000
2976050.000	0.000	0.010	-0.031	100.000	0.000	0.000
2976050.000	0.000	0.010	-0.031	100.000	0.000	0.000
2976080.000	0.000	0.010	-0.047	100.000	0.000	0.000
2976080.000	0.000	0.010	-0.047	100.000	0.000	0.000
2976080.000	0.000	0.010	-0.047	100.000	0.000	0.000
2976110.000	0.000	0.010	-0.047	100.000	0.000	0.000
2976110.000	0.000	0.010	-0.047	100.000	0.000	0.000
2976110.000	0.000	0.010	-0.047	100.000	0.000	0.000
2976140.000	0.000	0.010	-0.047	100.000	0.000	0.000
2976140.000	0.000	0.010	-0.047	100.000	0.000	0.000
2976140.000	0.000	0.010	-0.047	100.000	0.000	0.000
2976170.000	0.000	0.020	-0.062	100.000	0.000	0.000
2976170.000	0.000	0.020	-0.062	100.000	0.000	0.000
2976170.000	0.000	0.020	-0.062	100.000	0.000	0.000
2976200.000	0.000	0.020	-0.062	100.000	0.000	0.000
2976200.000	0.000	0.020	-0.062	100.000	0.000	0.000
2976200.000	0.000	0.020	-0.062	100.000	0.000	0.000
2976230.000	0.000	0.020	-0.062	100.000	0.000	0.000
2976230.000	0.000	0.020	-0.062	100.000	0.000	0.000
2976230.000	0.000	0.020	-0.062	100.000	0.000	0.000
2976260.000	0.000	0.020	-0.062	100.000	0.000	0.000
2976260.000	0.000	0.020	-0.062	100.000	0.000	0.000
2976260.000	0.000	0.020	-0.062	100.000	0.000	0.000
2976290.000	0.000	0.020	-0.062	100.000	0.000	0.000
2976290.000	0.000	0.020	-0.062	100.000	0.000	0.000
2976290.000	0.000	0.020	-0.062	100.000	0.000	0.000
2976320.000	0.000	0.020	-0.062	100.000	0.000	0.000
2976320.000	0.000	0.020	-0.062	100.000	0.000	0.000
2976320.000	0.000	0.020	-0.062	100.000	0.000	0.000
2976350.000	0.000	0.020	-0.062	100.000	0.000	0.000
2976350.000	0.000	0.020	-0.062	100.000	0.000	0.000
2976350.000	0.000	0.020	-0.062	100.000	0.000	0.000
2976380.000	0.000	0.020	-0.062	100.000	0.000	0.000
2976380.000	0.000	0.020	-0.062	100.000	0.000	0.000
2976380.000	0.000	0.020	-0.062	100.000	0.000	0.000
2976410.000	0.000	0.020	-0.062	100.000	0.000	0.000
2976410.000	0.000	0.020	-0.062	100.000	0.000	0.000
2976410.000	0.000	0.020	-0.062	100.000	0.000	0.000
2976440.000	0.000	0.020	-0.062	100.000	0.000	0.000
2976440.000	0.000	0.020	-0.062	100.000	0.000	0.000
2976440.000	0.000	0.020	-0.062	100.000	0.000	0.000
2976470.000	0.000	0.020	-0.062	100.000	0.000	0.000
2976470.000	0.000	0.020	-0.062	100.000	0.000	0.000
2976470.000	0.000	0.020	-0.062	100.000	0.000	0.000
2976500.000	0.000	0.010	-0.047	100.000	0.000	0.000
2976500.000	0.000	0.010	-0.047	100.000	0.000	0.000
2976500.000	0.000	0.010	-0.047	100.000	0.000	0.000
2976530.000	0.000	0.010	-0.047	100.000	0.000	0.000
2976530.000	0.000	0.010	-0.047	100.000	0.000	0.000
2976530.000	0.000	0.010	-0.047	100.000	0.000	0.000
2976560.000	0.000	0.010	-0.047	100.000	0.000	0.000
2976560.000	0.000	0.010	-0.047	100.000	0.000	0.000
2976560.000	0.000	0.010	-0.047	100.000	0.000	0.000
2976590.000	0.000	0.010	-0.047	100.000	0.000	0.000
2976590.000	0.000	0.010	-0.047	100.000	0.000	0.000
2976590.000	0.000	0.010	-0.047	100.000	0.000	0.000
2976620.000	0.000	0.010	-0.031	100.000	0.000	0.000
2976620.000	0.000	0.010	-0.031	100.000	0.000	0.000
2976620.000	0.000	0.010	-0.031	100.000	0.000	0.000
2976650.000	0.000	0.010	-0.031	100.000	0.000	0.000
2976650.000	0.000	0.010	-0.031	100.000	0.000	0.000
2976650.000	0.000	0.010	-0.031	100.000	0.000	0.000
2976680.000	0.000	0.000	-0.031	100.000	0.000	0.000
2976680.000	0.000	0.000	-0.031	100.000	0.000	0.000
2976680.000	0.000	0.000	-0.031	100.000	0.000	0.000
2976710.000	0.000	0.000	-0.031	100.000	0.000	0.000
2976710.000	0.000	0.000	-0.031	100.000	0.000	0.000
2976710.000	0.000	0.000	-0.031	100.000	0.000	0.000
2976740.000	0.000	0.000	-0.016	100.000	0.000	0.000
2976740.000	0.000	0.000	-0.016	100.000	0.000	0.000
2976740.000	0.000	0.000	-0.016	100.000	0.000	0.000
2976770.000	0.000	0.000	-0.016	100.000	0.000	0.000
2976770.000	0.000	0.000	-0.016	100.000	0.000	0.000
2976770.000	0.000	0.000	-0.016	100.000	0.000	0.000
2976800.000	0.000	0.000	-0.016	100.000	0.000	0.000
2976800.000	0.000	0.000	-0.016	100.000	0.000	0.000
2976800.000	0.000	0.000	-0.016	100.000	0.000	0.000
2976830.000	0.000	0.000	-0.016	100.000	0.000	0.000
2976830.000	0.000	0.000	-0.016	100.000	0.000	0.000
2976830.000	0.000	0.000	-0.016	100.000	0.000	0.000
2976860.000	0.000	0.000	-0.016	100.000	0.000	0.000
2976860.000	0.000	0.000	-0.016	100.000	0.000	0.000
2976860.000	0.000	0.000	-0.016	100.000	0.000	0.000
2976890.000	0.000	0.000	-0.016	100.000	0.000	0.000
2976890.000	0.000	0.000	-0.016	100.000	0.000	0.000
2976890.000	0.000	0.000	-0.016	100.000	0.000	0.000
2976920.000	0.000	-0.010	0.000	100.000	0.000	0.000
2976920.000	0.000	-0.010	0.000	100.000	0.000	0.000
2976920.000	0.000	-0.010	0.000	100.000	0.000	0.000
2976950.000	0.000	-0.010	0.000	100.000	0.000	0.000
2976950.000	0.000	-0.010	0.000	100.000	0.000	0.000
2976950.000	0.000	-0.010	0.000	100.000	0.000	0.000
2976980.000	0.000	-0.010	0.000	100.000	0.000	0.000
2976980.000	0.000	-0.010	0.000	100.000	0.000	0.000
2976980.000	0.000	-0.010	0.000	100.000	0.000	0.000
2977010.000	0.000	-0.010	0.000	100.000	0.000	0.000
2977010.000	0.000	-0.010	0.000	100.000	0.000	0.000
2977010.000	0.000	-0.010	0.000	100.000	0.000	0.000
2977040.000	0.000	-0.010	0.000	100.000	0.000	0.000
2977040.000	0.000	-0.010	0.000	100.000	0.000	0.000
2977040.000	0.000	-0.010	0.000	100.000	0.000	0.000
2977070.000	0.000	-0.010	0.000	100.000	0.000	0.000
2977070.000	0.000	-0.010	0.000	100.000	0.000	0.000
2977070.000	0.000	-0.010	0.000	100.000	0.000	0.000
2977100.000	0.000	-0.010	0.000	100.000	0.000	0.000
2977100.000	0.000	-0.010	0.000	100.000	0.000	0.000
2977100.000	0.000	-0.010	0.000	100.000	0.000	0.000
2977130.000	0.000	-0.010	0.000	100.000	0.000	0.000
2977130.000	0.000	-0.010	0.000	100.000	0.000	0.000
2977130.000	0.000	-0.010	0.000	100.000	0.000	0.000
2977160.000	0.000	-0.010	0.000	100.000	0.000	0.000
2977160.000	0.000	-0.010	0.000	100.000	0.000	0.000
2977160.000	0.000	-0.010	0.000	100.000	0.000	0.000
2977190.000	0.000	0.000	-0.016	100.000	0.000	0.000
2977190.000	0.000	0.000	-0.016	100.000	0.000	0.000
2977190.000	0.000	0.000	-0.016	100.000	0.000	0.000
2977220.000	0.000	0.000	-0.016	100.000	0.000	0.000
2977220.000	0.000	0.000	-0.016	100.000	0.000	0.000
2977220.000	0.000	0.000	-0.016	100.000	0.000	0.000
2977250.000	0.000	0.000	-0.016	100.000	0.000	0.000
2977250.000	0.000	0.000	-0.016	100.000	0.000	0.000
2977250.000	0.000	0.000	-0.016	100.000	0.000	0.000
2977280.000	0.000	0.000	-0.016	100.000	0.000	0.000
2977280.000	0.000	0.000	-0.016	100.000	0.000	0.000
2977280.000	0.000	0.000	-0.016	100.000	0.000	0.000
2977310.000	0.000	0.000	-0.016	100.000	0.000	0.000
2977310.000	0.000	0.000	-0.016	100.000	0.000	0.000
2977310.000	0.000	0.000	-0.016	100.000	0.000	0.000
2977340.000	0.000	0.000	-0.016	100.000	0.000	0.000
2977340.000	0.000	0.000	-0.016	100.000	0.000	0.000
2977340.000	0.000	0.000	-0.016	100.000	0.000	0.000
2977370.000	0.000	0.000	-0.016	100.000	0.000	0.000
2977370.000	0.000	0.000	-0.016	100.000	0.000	0.000
2977370.000	0.000	0.000	-0.016	100.000	0.000	0.000
2977400.000	0.000	0.000	-0.016	100.000	0.000	0.000
2977400.000	0.000	0.000	-0.016	100.000	0.000	0.000
2977400.000	0.000	0.000	-0.016	100.000	0.000	0.000
2977430.000	0.000	0.000	-0.016	100.000	0.000	0.000
2977430.000	0.000	0.000	-0.016	100.000	0.000	0.000
2977430.000	0.000	0.000	-0.016	100.000	0.000	0.000
2977460.000	0.000	0.000	-0.016	100.000	0.000	0.000
2977460.000	0.000	0.000	-0.016	100.000	0.000	0.000
2977460.000	0.000	0.000	-0.016	100.000	0.000	0.000
2977490.000	0.000	0.000	-0.016	100.000	0.000	0.000
2977490.000	0.000	0.000	-0.016	100.000	0.000	0.000
2977490.000	0.000	0.000	-0.016	100.000	0.000	0.000
2977520.000	0.000	0.000	-0.016	100.000	0.000	0.000
2977520.000	0.000	0.000	-0.016	100.000	0.000	0.000
2977520.000	0.000	0.000	-0.016	100.000	0.000	0.000
2977550.000	0.000	0.000	-0.016	100.000	0.000	0.000
2977550.000	0.000	0.000	-0.016	100.000	0.000	0.000
2977550.000	0.000	0.000	-0.016	100.000	0.000	0.000
2977580.000	0.000	0.000	-0.016	100.000	0.000	0.000
2977580.000	0.000	0.000	-0.016	100.000	0.000	0.000
2977580.000	0.000	0.000	-0.016	100.000	0.000	0.000
2977610.000	0.000	0.000	-0.016	100.000	0.000	0.000
2977610.000	0.000	0.000	-0.016	100.000	0.000	0.000
2977610.000	0.000	0.000	-0.016	100.000	0.000	0.000
2977640.000	0.000	0.000	-0.016	100.000	0.000	0.000
2977640.000	0.000	0.000	-0.016	100.000	0.000	0.000
2977640.000	0.000	0.000	-0.016	100.000	0.000	0.000
2977670.000	0.000	0.000	-0.016	100.000	0.000	0.000
2977670.000	0.000	0.000	-0.016	100.000	0.000	0.000
2977670.000	0.000	0.000	-0.016	100.000	0.000	0.000
2977700.000	0.000	0.000	-0.016	100.000	0.000	0.000
2977700.000	0.000	0.000	-0.016	100.000	0.000	0.000
2977700.000	0.000	0.000	-0.016	100.000	0.000	0.000
2977730.000	0.000	0.000	-0.016	100.000	0.000	0.000
2977730.000	0.000	0.000	-0.016	100.000	0.000	0.000
2977730.000	0.000	0.000	-0.016	100.000	0.000	0.000
2977760.000	0.000	0.000	-0.016	100.000	0.000	0.000
2977760.000	0.000	0.000	-0.016	100.000	0.000	0.000
2977760.000	0.000	0.000	-0.016	100.000	0.000	0.000
2977790.000	0.000	0.000	-0.016	100.000	0.000	0.000
2977790.000	0.000	0.000	-0.016	100.000	0.000	0.000
2977790.000	0.000	0.000	-0.016	100.000	0.000	0.000
2977820.000	0.000	0.000	-0.016	100.000	0.000	0.000
2977820.000	0.000	0.000	-0.016	100.000	0.000	0.000
2977820.000	0.000	0.000	-0.016	100.000	0.000	0.000
2977850.000	0.000	0.000	-0.016	100.000	0.000	0.000
2977850.000	0.000	0.000	-0.016	100.000	0.000	0.000
2977850.000	0.000	0.000	-0.016	100.000	0.000	0.000
2977880.000	0.000	0.000	-0.016	100.000	0.000	0.000
2977880.000	0.000	0.000	-0.016	100.000	0.000	0.000
2977880.000	0.000	0.000	-0.016	100.000	0.000	0.000
2977910.000	0.000	0.000	-0.016	100.000	0.000	0.000
2977910.000	0.000	0.000	-0.016	100.000	0.000	0.000
2977910.000	0.000	0.000	-0.016	100.000	0.000	0.000
2977940.000	0.000	0.000	-0.016	100.000	0.000	0.000
2977940.000	0.000	0.000	-0.016	100.000	0.000	0.000
2977940.000	0.000	0.000	-0.016	100.000	0.000	0.000
2977970.000	0.000	0.000	-0.016	100.000	0.000	0.000
2977970.000	0.000	0.000	-0.016	100.000	0.000	0.000
2977970.000	0.000	0.000	-0.016	100.000	0.000	0.000
2978000.000	0.000	0.000	-0.016	100.000	0.000	0.000
2978000.000	0.000	0.000	-0.016	100.000	0.000	0.000
2978000.000	0.000	0.000	-0.016	100.000	0.000	0.000
2978030.000	0.000	0.000	-0.016	100.000	0.000	0.000
2978030.000	0.000	0.000	-0.016	100.000	0.000	0.000
2978030.000	0.000	0.000	-0.016	100.000	0.000	0.000
2978060.000	0.000	0.000	-0.016	100.000	0.000	0.000
2978060.000	0.000	0.000	-0.016	100.000	0.000	0.000
2978060.000	0.000	0.000	-0.016	100.000	0.000	0.000
2978090.000	0.000	0.000	-0.016	100.000	0.000	0.000
2978090.000	0.000	0.000	-0.016	100.000	0.000	0.000
2978090.000	0.000	0.000	-0.016	100.000	0.000	0.000
2978120.000	0.000	0.000	-0.016	100.000	0.000	0.000
2978120.000	0.000	0.000	-0.016	100.000	0.000	0.000
2978120.000	0.000	0.000	-0.016	100.000	0.000	0.000
2978150.000	0.000	0.000	-0.016	100.000	0.000	0.000
2978150.000	0.000	0.000	-0.016	100.000	0.000	0.000
2978150.000	0.000	0.000	-0.016	100.000	0.000	0.000
2978180.000	0.000	0.000	-0.016	100.000	0.000	0.000
2978180.000	0.000	0.000	-0.016	100.000	0.000	0.000
2978180.000	0.000	0.000	-0.016	100.000	0.000	0.000
2978210.000	0.000	0.000	-0.016	100.000	0.000	0.000
2978210.000	0.000	0.000	-0.016	100.000	0.000	0.000
2978210.000	0.000	0.000	-0.016	100.000	0.000	0.000
2978240.000	0.000	0.000	-0.016	100.000	0.000	0.000
2978240.000	0.000	0.000	-0.016	100.000	0.000	0.000
2978240.000	0.000	0.000	-0.016	100.000	0.000	0.000
2978270.000	0.000	0.000	-0.016	100.000	0.000	0.000
2978270.000	0.000	0.000	-0.016	100.000	0.000	0.000
2978270.000	0.000	0.000	-0.016	100.000	0.000	0.000
2978300.000	0.000	0.000	-0.016	100.000	0.000	0.000
2978300.000	0.000	0.000	-0.016	100.000	0.000	0.000
2978300.000	0.000	0.000	-0.016	100.000	0.000	0.000
2978330.000	0.000	0.000	-0.016	100.000	0.000	0.000
2978330.000	0.000	0.000	-0.016	100.000	0.000	0.000
2978330.000	0.000	0.000	-0.016	100.000	0.000	0.000
2978360.000	0.000	0.000	-0.016	100.000	0.000	0.000
2978360.000	0.000	0.000	-0.016	100.000	0.000	0.000
2978360.000	0.000	0.000	-0.016	100.000	0.000	0.000
2978390.000	0.000	0.000	-0.016	100.000	0.000	0.000
2978390.000	0.000	0.000	-0.016	100.000	0.000	0.000
2978390.000	0.000	0.000	-0.016	100.000	0.000	0.000
2978420.000	0.000	0.000	-0.016	100.000	0.000	0.000
2978420.000	0.000	0.000	-0.016	100.000	0.000	0.000
2978420.000	0.000	0.000	-0.016	100.000	0.000	0.000
2978450.000	0.000	0.000	-0.016	100.000	0.000	0.000
2978450.000	0.000	0.000	-0.016	100.000	0.000	0.000
2978450.000	0.000	0.000	-0.016	100.000	0.000	0.000
2978480.000	0.000	0.000	-0.016	100.000	0.000	0.000
2978480.000	0.000	0.000	-0.016	100.000	0.000	0.000
2978480.000	0.000	0.000	-0.016	100.000	0.000	0.000
2978510.000	0.000	0.000	-0.016	100.000	0.000	0.000
2978510.000	0.000	0.000	-0.016	100.000	0.000	0.000
2978510.000	0.000	0.000	-0.016	100.000	0.000	0.000
2978540.000	0.000	0.000	-0.016	100.000	0.000	0.000
2978540.000	0.000	0.000	-0.016	100.000	0.000	0.000
2978540.000	0.000	0.000	-0.016	100.000	0.000	0.000
2978570.000	0.000	0.000	-0.016	100.000	0.000	0.000
2978570.000	0.000	0.000	-0.016	100.000	0.000	0.000
2978570.000	0.000	0.000	-0.016	100.000	0.000	0.000
2978600.000	0.000	0.000	-0.016	100.000	0.000	0.000
2978600.000	0.000	0.000	-0.016	100.000	0.000	0.000
2978600.000	0.000	0.000	-0.016	100.000	0.000	0.000
2978630.000	0.000	0.000	-0.016	100.000	0.000	0.000
2978630.000	0.000	0.000	-0.016	100.000	0.000	0.000
2978630.000	0.000	0.000	-0.016	100.000	0.000	0.000
2978660.000	0.000	0.000	-0.016	100.000	0.000	0.000
2978660.000	0.000	0.000	-0.016	100.000	0.000	0.000
2978660.000	0.000	0.000	-0.016	100.000	0.000	0.000
2978690.000	0.000	0.000	-0.016	100.000	0.000	0.000
2978690.000	0.000	0.000	-0.016	100.000	0.000	0.000
2978690.000	0.000	0.000	-0.016	100.000	0.000	0.000
2978720.000	0.000	0.000	-0.016	100.000	0.000	0.000
2978720.000	0.000	0.000	-0.016	100.000	0.000	0.000
2978720.000	0.000	0.000	-0.016	100.000	0.000	0.000
2978750.000	0.000	0.000	-0.016	100.000	0.000	0.000
2978750.000	0.000	0.000	-0.016	100.000	0.000	0.000
2978750.000	0.000	0.000	-0.016	100.000	0.000	0.000
2978780.000	0.000	0.000	-0.016	100.000	0.000	0.000
2978780.000	0.000	0.000	-0.016	100.000	0.000	0.000
2978780.000	0.000	0.000	-0.016	100.000	0.000	0.000
2978810.000	0.000	0.000	-0.016	100.000	0.000	0.000
2978810.000	0.000	0.000	-0.016	100.000	0.000	0.000
2978810.000	0.000	0.000	-0.016	100.000	0.000	0.000
2978840.000	0.000	0.000	-0.016	100.000	0.000	0.000
2978840.000	0.000	0.000	-0.016	100.000	0.000	0.000
2978840.000	0.000	0.000	-0.016	100.000	0.000	0.000
2978870.000	0.000	0.000	-0.016	100.000	0.000	0.000
2978870.000	0.000	0.000	-0.016	100.000	0.000	0.000
2978870.000	0.000	0.000	-0.016	100.000	0.000	0.000
2978900.000	0.000	0.000	-0.016	100.000	0.000	0.000
2978900.000	0.000	0.000	-0.016	100.000	0.000	0.000
2978900.000	0.000	0.000	-0.016	100.000	0.000	0.000
2978930.000	0.000	0.000	-0.016	100.000	0.000	0.000
2978930.000	0.000	0.000	-0.016	100.000	0.000	0.000
2978930.000	0.000	0.000	-0.016	100.000	0.000	0.000
2978960.000	0.000	0.000	-0.016	100.000	0.000	0.000
2978960.000	0.000	0.000	-0.016	100.000	0.000	0.000
2978960.000	0.000	0.000	-0.016	100.000	0.000	0.000
2978990.000	0.000	0.000	-0.016	100.000	0.000	0.000
2978990.000	0.000	0.000	-0.016	100.000	0.000	0.000
2978990.000	0.000	0.000	-0.016	100.000	0.000	0.000
2979020.000	0.000	0.000	-0.016	100.000	0.000	0.000
2979020.000	0.000	0.000	-0.016	100.000	0.000	0.000
2979020.000	0.000	0.000	-0.016	100.000	0.000	0.000
2979050.000	0.000	0.000	-0.016	100.000	0.000	0.000
2979050.000	0.000	0.000	-0.016	100.000	0.000	0.000
2979050.000	0.000	0.000	-0.016	100.000	0.000	0.000
2979080.000	0.000	0.000	-0.016	100.000	0.000	0.000
2979080.000	0.000	0.000	-0.016	100.000	0.000	0.000
2979080.000	0.000	0.000	-0.016	100.000	0.000	0.000
2979110.000	0.000	0.000	-0.016	100.000	0.000	0.000
2979110.000	0.000	0.000	-0.016	100.000	0.000	0.000
2979110.000	0.000	0.000	-0.016	100.000	0.000	0.000
2979140.000	0.000	0.000	-0.016	100.000	0.000	0.000
2979140.000	0.000	0.000	-0.016	100.000	0.000	0.000
2979140.000	0.000	0.000	-0.016	100.000	0.000	0.000
2979170.000	0.000	0.000	-0.016	100.000	0.000	0.000
2979170.000	0.000	0.000	-0.016	100.000	0.000	0.000
2979170.000	0.000	0.000	-0.016	100.000	0.000	0.000
2979200.000	0.000	0.000	-0.016	100.000	0.000	0.000
2979200.000	0.000	0.000	-0.016	100.000	0.000	0.000
2979200.000	0.000	0.000	-0.016	100.000	0.000	0.000
2979230.000	0.000	0.000	-0.016	100.000	0.000	0.000
2979230.000	0.000	0.000	-0.016	100.000	0.000	0.000
2979230.000	0.000	0.000	-0.016	100.000	0.000	0.000
2979260.000	0.000	0.000	-0.016	100.000	0.000	0.000
2979260.000	0.000	0.000	-0.016	100.000	0.000	0.000
2979260.000	0.000	0.000	-0.016	100.000	0.000	0.000
2979290.000	0.000	0.000	-0.016	100.000	0.000	0.000
2979290.000	0.000	0.000	-0.016	100.000	0.000	0.000
2979290.000	0.000	0.000	-0.016	100.000	0.000	0.000
2979320.000	0.000	0.000	-0.016	100.000	0.000	0.000
2979320.000	0.000	0.000	-0.016	100.000	0.000	0.000
2979320.000	0.000	0.000	-0.016	100.000	0.000	0.000
2979350.000	0.000	0.000	-0.016	100.000	0.000	0.000
2979350.000	0.000	0.000	-0.016	100.000	0.000	0.000
2979350.000	0.000	0.000	-0.016	100.000	0.000	0.000
2979380.000	0.000	0.000	-0.016	100.000	0.000	0.000
2979380.000	0.000	0.000	-0.016	100.000	0.000	0.000
2979380.000	0.000	0.000	-0.016	100.000	0.000	0.000
2979410.000	0.000	0.000	-0.016	100.000	0.000	0.000
2979410.000	0.000	0.000	-0.016	100.000	0.000	0.000
2979410.000	0.000	0.000	-0.016	100.000	0.000	0.000
2979440.000	0.000	0.000	-0.016	100.000	0.000	0.000
2979440.000	0.000	0.000	-0.016	100.000	0.000	0.000
2979440.000	0.000	0.000	-0.016	100.000	0.000	0.000
2979470.000	0.000	0.000	-0.016	100.000	0.000	0.000
2979470.000	0.000	0.000	-0.016	100.000	0.000	0.000
2979470.000	0.000	0.000	-0.016	100.000	0.000	0.000
2979500.000	0.000	0.000	-0.016	100.000	0.000	0.000
2979500.000	0.000	0.000	-0.016	100.000	0.000	0.000
2979500.000	0.000	0.000	-0.016	100.000	0.000	0.000
2979530.000	0.000	0.000	-0.016	100.000	0.000	0.000
2979530.000	0.000	0.000	-0.016	100.000	0.000	0.000
2979530.000	0.000	0.000	-0.016	100.000	0.000	0.000
2979560.000	0.000	0.000	-0.016	100.000	0.000	0.000
2979560.000	0.000	0.000	-0.016	100.000	0.000	0.000
2979560.000	0.000	0.000	-0.016	100.000	0.000	0.000
2979590.000	0.000	0.000	-0.016	100.000	0.000	0.000
2979590.000	0.000	0.000	-0.016	100.000	0.000	0.000
2979590.000	0.000	0.000	-0.016	100.000	0.000	0.000
2979620.000	0.000	0.000	-0.016	100.000	0.000	0.000
2979620.000	0.000	0.000	-0.016	100.000	0.000	0.000
2979620.000	0.000	0.000	-0.016	100.000	0.000	0.000
2979650.000	0.000	0.000	-0.016	100.000	0.000	0.000
2979650.000	0.000	0.000	-0.016	100.000	0.000	0.000
2979650.000	0.000	0.000	-0.016	100.000	0.000	0.000
2979680.000	0.000	0.000	-0.016	100.000	0.000	0.000
2979680.000	0.000	0.000	-0.016	100.000	0.000	0.000
2979680.000	0.000	0.000	-0.016	100.000	0.000	0.000
2979710.000	0.000	0.000	-0.016	100.000	0.000	0.000
2979710.000	0.000	0.000	-0.016	100.000	0.000	0.000
2979710.000	0.000	0.000	-0.016	100.000	0.000	0.000
2979740.000	0.000	0.000	-0.016	100.000	0.000	0.000
2979740.000	0.000	0.000	-0.016	100.000	0.000	0.000
2979740.000	0.000	0.000	-0.016	100.000	0.000	0.000
2979770.000	0.000	0.000	-0.016	100.000	0.000	0.000
2979770.000	0.000	0.000	-0.016	100.000	0.000	0.000
2979770.000	0.000	0.000	-0.016	100.000	0.000	0.000
2979800.000	0.000	0.000	-0.016	100.000	0.000	0.000
2979800.000	0.000	0.000	-0.016	100.000	0.000	0.000
2979800.000	0.000	0.000	-0.016	100.000	0.000	0.000
2979830.000	0.000	0.000	-0.016	100.000	0.000	0.000
2979830.000	0.000	0.000	-0.016	100.000	0.000	0.000
2979830.000	0.000	0.000	-0.016	100.000	0.000	0.000
2979860.000	0.000	0.000	-0.016	100.000	0.000	0.000
2979860.000	0.000	0.000	-0.016	100.000	0.000	0.000
2979860.000	0.000	0.000	-0.016	100.000	0.000	0.000
2979890.000	0.000	0.000	-0.016	100.000	0.000	0.000
2979890.000	0.000	0.000	-0.016	100.000	0.000	0.000
2979890.000	0.000	0.000	-0.016	100.000	0.000	0.000
2979920.000	0.000	0.000	-0.016	100.000	0.000	0.000
2979920.000	0.000	0.000	-0.016	100.000	0.000	0.000
2979920.000	0.000	0.000	-0.016	100.000	0.000	0.000
2979950.000	0.000	0.000	-0.016	100.000	0.000	0.000
2979950.000	0.000	0.000	-0.016	100.000	0.000	0.000
2979950.000	0.000	0.000	-0.016	100.000	0.000	0.000
2979980.000	0.000	0.000	-0.016	100.000	0.000	0.000
2979980.000	0.000	0.000	-0.016	100.000	0.000	0.000
2979980.000	0.000	0.000	-0.016	100.000	0.000	0.000
2980010.000	0.000	0.000	-0.016	100.000	0.000	0.000
2980010.000	0.000	0.000	-0.016	100.000	0.000	0.000
2980010.000	0.000	0.000	-0.016	100.000	0.000	0.000
2980040.000	0.000	0.000	-0.016	100.000	0.000	0.000
2980040.000	0.000	0.000	-0.016	100.000	0.000	0.000
2980040.000	0.000	0.000	-0.016	100.000	0.000	0.000
2980070.000	0.000	0.000	-0.016	100.000	0.000	0.000
2980070.000	0.000	0.000	-0.016	100.000	0.000	0.000
2980070.000	0.000	0.000	-0.016	100.000	0.000	0.000
2980100.000	0.000	0.000	-0.016	100.000	0.000	0.000
2980100.000	0.000	0.000	-0.016	100.000	0.000	0.000
2980100.000	0.000	0.000	-0.016	100.000	0.000	0.000
2980130.000	0.000	0.000	-0.016	100.000	0.000	0.000
2980130.000	0.000	0.000	-0.016	100.000	0.000	0.000
2980130.000	0.000	0.000	-0.016	100.000	0.000	0.000
2980160.000	0.000	0.000	-0.016	100.000	0.000	0.000
2980160.000	0.000	0.000	-0.016	100.000	0.000	0.000
2980160.000	0.000	0.000	-0.016	100.000	0.000	0.000
2980190.000	0.000	0.000	-0.016	100.000	0.000	0.000
2980190.000	0.000	0.000	-0.016	100.000	0.000	0.000
2980190.000	0.000	0.000	-0.016	100.000	0.000	0.000
2980220.000	0.000	0.000	-0.016	100.000	0.000	0.000
2980220.000	0.000	0.000	-0.016	100.000	0.000	0.000
2980220.000	0.000	0.000	-0.016	100.000	0.000	0.000
2980250.000	0.000	0.000	-0.016	100.000	0.000	0.000
2980250.000	0.000	0.000	-0.016	100.000	0.000	0.000
2980250.000	0.000	0.000	-0.016	100.000	0.000	0.000
2980280.000	0.000	0.000	-0.016	100.000	0.000	0.000
2980280.000	0.000	0.000	-0.016	100.000	0.000	0.000
2980280.000	0.000	0.000	-0.016	100.000	0.000	0.000
2980310.000	0.000	0.000	-0.016	100.000	0.000	0.000
2980310.000	0.000	0.000	-0.016	100.000	0.000	0.000
2980310.000	0.000	0.000	-0.016	100.000	0.000	0.000
2980340.000	0.000	0.000	-0.016	100.000	0.000	0.000
2980340.000	0.000	0.000	-0.016	100.000	0.000	0.000
2980340.000	0.000	0.000	-0.016	100.000	0.000	0.000
2980370.000	0.000	0.000	-0.016	100.000	0.000	0.000
2980370.000	0.000	0.000	-0.016	100.000	0.000	0.000
2980370.000	0.000	0.000	-0.016	100.000	0.000	0.000
2980400.000	0.000	0.000	-0.016	100.000	0.000	0.000
2980400.000	0.000	0.000	-0.016	100.000	0.000	0.000
2980400.000	0.000	0.000	-0.016	100.000	0.000	0.000
2980430.000	0.000	0.000	-0.016	100.000	0.000	0.000
2980430.000	0.000	0.000	-0.016	100.000	0.000	0.000
2980430.000	0.000	0.000	-0.016	100.000	0.000	0.000
2980460.000	0.000	0.000	-0.016	100.000	0.000	0.000
2980460.000	0.000	0.000	-0.016	100.000	0.000	0.000
2980460.000	0.000	0.000	-0.016	100.000	0.000	0.000
2980490.000	0.000	0.000	-0.016	100.000	0.000	0.000
2980490.000	0.000	0.000	-0.016	100.000	0.000	0.000
2980490.000	0.000	0.000	-0.016	100.000	0.000	0.000
2980520.000	0.000	0.000	-0.016	100.000	0.000	0.000
2980520.000	0.000	0.000	-0.016	100.000	0.000	0.000
2980520.000	0.000	0.000	-0.016	100.000	0.000	0.000
2980550.000	0.000	0.000	-0.016	100.000	0.000	0.000
2980550.000	0.000	0.000	-0.016	100.000	0.000	0.000
2980550.000	0.000	0.000	-0.016	100.000	0.000	0.000
2980580.000	0.000	0.000	-0.016	100.000	0.000	0.000
2980580.000	0.000	0.000	-0.016	100.000	0.000	0.000
2980580.000	0.000	0.000	-0.016	100.000	0.000	0.000
2980610.000	0.000	0.000	-0.016	100.000	0.000	0.000
2980610.000	0.000	0.000	-0.016	100.000	0.000	0.000
2980610.000	0.000	0.000	-0.016	100.000	0.000	0.000
2980640.000	0.000	0.000	-0.016	100.000	0.000	0.000
2980640.000	0.000	0.000	-0.016	100.000	0.000	0.000
2980640.000	0.000	0.000	-0.016	100.000	0.000	0.000
2980670.000	0.000	0.000	-0.016	100.000	0.000	0.000
2980670.000	0.000	0.000	-0.016	100.000	0.000	0.000
2980670.000	0.000	0.000	-0.016	100.000	0.000	0.000
2980700.000	0.000	0.000	-0.016	100.000	0.000	0.000
2980700.000	0.000	0.000	-0.016	100.000	0.000	0.000
2980700.000	0.000	0.000	-0.016	100.000	0.000	0.000
2980730.000	0.000	0.000	-0.016	100.000	0.000	0.000
2980730.000	0.000	0.000	-0.016	100.000	0.000	0.000
2980730.000	0.000	0.000	-0.016	100.000	0.000	0.000
2980760.000	0.000	0.000	-0.016	100.000	0.000	0.000
2980760.000	0.000	0.000	-0.016	100.000	0.000	0.000
2980760.000	0.000	0.000	-0.016	100.000	0.000	0.000
2980790.000	0.000	0.000	-0.016	100.000	0.000	0.000
2980790.000	0.000	0.000	-0.016	100.000	0.000	0.000
2980790.000	0.000	0.000	-0.016	100.000	0.000	0.000
2980820.000	0.000	0.000	-0.016	100.000	0.000	0.000
2980820.000	0.000	0.000	-0.016	100.000	0.000	0.000
2980820.000	0.000	0.000	-0.016	100.000	0.000	0.000
2980850.000	0.000	0.000	-0.016	100.000	0.000	0.000
2980850.000	0.000	0.000	-0.016	100.000	0.000	0.000
2980850.000	0.000	0.000	-0.016	100.000	0.000	0.000
2980880.000	0.000	0.000	-0.016	100.000	0.000	0.000
2980880.000	0.000	0.000	-0.016	100.000	0.000	0.000
2980880.000	0.000	0.000	-0.016	100.000	0.000	0.000
2980910.000	0.000	0.000	-0.016	100.000	0.000	0.000
2980910.000	0.000	0.000	-0.016	100.000	0.000	0.000
2980910.000	0.000	0.000	-0.016	100.000	0.000	0.000
2980940.000	0.000	0.000	-0.016	100.000	0.000	0.000
2980940.000	0.000	0.000	-0.016	100.000	0.000	0.000
2980940.000	0.000	0.000	-0.016	100.000	0.000	0.000
2980970.000	0.000	0.000	-0.016	100.000	0.000	0.000
2980970.000	0.000	0.000	-0.016	100.000	0.000	0.000
2980970.000	0.000	0.000	-0.016	100.000	0.000	0.000
2981000.000	0.000	0.000	-0.016	100.000	0.000	0.000
2981000.000	0.000	0.000	-0.016	100.000	0.000	0.000
2981000.000	0.000	0.000	-0.016	100.000	0.000	0.000
2981030.000	0.000	0.000	-0.016	100.000	0.000	0.000
2981030.000	0.000	0.000	-0.016	100.000	0.000	0.000
2981030.000	0.000	0.000	-0.016	100.000	0.000	0.000
2981060.000	0.000	0.000	-0.016	100.000	0.000	0.000
2981060.000	0.000	0.000	-0.016	100.000	0.000	0.000
2981060.000	0.000	0.000	-0.016	100.000	0.000	0.000
2981090.000	0.000	0.000	-0.016	100.000	0.000	0.000
2981090.000	0.000	0.000	-0.016	100.000	0.000	0.000
2981090.000	0.000	0.000	-0.016	100.000	0.000	0.000
2981120.000	0.000	0.000	-0.016	100.000	0.000	0.000
2981120.000	0.000	0.000	-0.016	100.000	0.000	0.000
2981120.000	0.000	0.000	-0.016	100.000	0.000	0.000
2981150.000	0.000	0.000	-0.016	100.000	0.000	0.000
2981150.000	0.000	0.000	-0.016	100.000	0.000	0.000
2981150.000	0.000	0.000	-0.016	100.000	0.000	0.000
2981180.000	0.000	0.000	-0.016	100.000	0.000	0.000
2981180.000	0.000	0.000	-0.016	100.000	0.000	0.000
2981180.000	0.000	0.000	-0.016	100.000	0.000	0.000
2981210.000	0.000	0.000	-0.016	100.000	0.000	0.000
2981210.000	0.000	0.000	-0.016	100.000	0.000	0.000
2981210.000	0.000	0.000	-0.016	100.000	0.000	0.000
2981240.000	0.000	0.000	-0.016	100.000	0.000	0.000
2981240.000	0.000	0.000	-0.016	100.000	0.000	0.000
2981240.000	0.000	0.000	-0.016	100.000	0.000	0.000
2981270.000	0.000	0.000	-0.016	100.000	0.000	0.000
2981270.000	0.000	0.000	-0.016	100.000	0.000	0.000
2981270.000	0.000	0.000	-0.016	100.000	0.000	0.000
2981300.000	0.000	0.000	-0.016	100.000	0.000	0.000
2981300.000	0.000	0.000	-0.016	100.000	0.000	0.000
2981300.000	0.000	0.000	-0.016	100.000	0.000	0.000
2981330.000	0.000	0.000	-0.016	100.000	0.000	0.000
2981330.000	0.000	0.000	-0.016	100.000	0.000	0.000
2981330.000	0.000	0.000	-0.016	100.000	0.000	0.000
2981360.000	0.000	0.000	-0.016	100.000	0.000	0.000
2981360.000	0.000	0.000	-0.016	100.000	0.000	0.000
2981360.000	0.000	0.000	-0.016	100.000	0.000	0.000
2981390.000	0.000	0.000	-0.016	100.000	0.000	0.000
2981390.000	0.000	0.000	-0.016	100.000	0.000	0.000
2981390.000	0.000	0.000	-0.016	100.000	0.000	0.000
2981420.000	0.000	0.000	-0.016	100.000	0.000	0.000
2981420.000	0.000	0.000	-0.016	100.000	0.000	0.000
2981420.000	0.000	0.000	-0.016	100.000	0.000	0.000
2981450.000	0.000	0.000	-0.016	100.000	0.000	0.000
2981450.000	0.000	0.000	-0.016	100.000	0.000	0.000
2981450.000	0.000	0.000	-0.016	100.000	0.000	0.000
2981480.000	0.000	0.000	-0.016	100.000	0.000	0.000
2981480.000	0.000	0.000	-0.016	100.000	0.000	0.000
2981480.000	0.000	0.000	-0.016	100.000	0.000	0.000
2981510.000	0.000	0.000	-0.016	100.000	0.000	0.000
2981510.000	0.000	0.000	-0.016	100.000	0.000	0.000
2981510.000	0.000	0.000	-0.016	100.000	0.000	0.000
2981540.000	0.000	0.000	-0.016	100.000	0.000	0.000
2981540.000	0.000	0.000	-0.016	100.000	0.000	0.000
2981540.000	0.000	0.000	-0.016	100.000	0.000	0.000
2981570.000	0.000	0.000	-0.016	100.000	0.000	0.000
2981570.000	0.000	0.000	-0.016	100.000	0.000	0.000
2981570.000	0.000	0.000	-0.016	100.000	0.000	0.000
2981600.000	0.000	0.000	-0.016	100.000	0.000	0.000
2981600.000	0.000	0.000	-0.016	100.000	0.000	0.000
2981600.000	0.000	0.000	-0.016	100.000	0.000	0.000
2981630.000	0.000	0.000	-0.016	100.000	0.000	0.000
2981630.000	0.000	0.000	-0.016	100.000	0.000	0.000
2981630.000	0.000	0.000	-0.016	100.000	0.000	0.000
2981660.000	0.000	0.000	-0.016	100.000	0.000	0.000
2981660.000	0.000	0.000	-0.016	100.000	0.000	0.000
2981660.000	0.000	0.000	-0.016	100.000	0.000	0.000
2981690.000	0.000	0.000	-0.016	100.000	0.000	0.000
2981690.000	0.000	0.000	-0.016	100.000	0.000	0.000
2981690.000	0.000	0.000	-0.016	100.000	0.000	0.000
2981720.000	0.000	0.000	-0.016	100.000	0.000	0.000
2981720.000	0.000	0.000	-0.016	100.000	0.000	0.000
2981720.000	0.000	0.000	-0.016	100.000	0.000	0.000
2981750.000	0.000	0.000	-0.016	100.000	0.000	0.000
2981750.000	0.000	0.000	-0.016	100.000	0.000	0.000
2981750.000	0.000	0.000	-0.016	100.000	0.000	0.000
2981780.000	0.000	0.000	-0.016	100.000	0.000	0.000
2981780.000	0.000	0.000	-0.016	100.000	0.000	0.000
2981780.000	0.000	0.000	-0.016	100.000	0.000	0.000
2981810.000	0.000	0.000	-0.016	100.000	0.000	0.000
2981810.000	0.000	0.000	-0.016	100.000	0.000	0.000
2981810.000	0.000	0.000	-0.016	100.000	0.000	0.000
2981840.000	0.000	0.000	-0.016	100.000	0.000	0.000
2981840.000	0.000	0.000	-0.016	100.000	0.000	0.000
2981840.000	0.000	0.000	-0.016	100.000	0.000	0.000
2981870.000	0.000	0.000	-0.016	100.000	0.000	0.000
2981870.000	0.000	0.000	-0.016	100.000	0.000	0.000
2981870.000	0.000	0.000	-0.016	100.000	0.000	0.000
2981900.000	0.000	0.000	-0.016	100.000	0.000	0.000
2981900.000	0.000	0.000	-0.016	100.000	0.000	0.000
2981900.000	0.000	0.000	-0.016	100.000	0.000	0.000
2981930.000	0.000	0.000	-0.016	100.000	0.000	0.000
2981930.000	0.000	0.000	-0.016	100.000	0.000	0.000
2981930.000	0.000	0.000	-0.016	100.000	0.000	0.000
2981960.000	0.000	0.000	-0.016	100.000	0.000	0.000
2981960.000	0.000	0.000	-0.016	100.000	0.000	0.000
2981960.000	0.000	0.000	-0.016	100.000	0.000	0.000
2981990.000	0.000	0.000	-0.016	100.000	0.000	0.000
2981990.000	0.000	0.000	-0.016	100.000	0.000	0.000
2981990.000	0.000	0.000	-0.016	100.000	0.000	0.000
2982020.000	0.000	0.000	-0.016	100.000	0.000	0.000
2982020.000	0.000	0.000	-0.016	100.000	0.000	0.000
2982020.000	0.000	0.000	-0.016	100.000	0.000	0.000
2982050.000	0.000	0.000	-0.016	100.000	0.000	0.000
2982050.000	0.000	0.000	-0.016	100.000	0.000	0.000
2982050.000	0.000	0.000	-0.016	100.000	0.000	0.000
2982080.000	0.000	0.000	-0.016	100.000	0.000	0.000
2982080.000	0.000	0.000	-0.016	100.000	0.000	0.000
2982080.000	0.000	0.000	-0.016	100.000	0.000	0.000
2982110.000	0.000	0.000	-0.016	100.000	0.000	0.000
2982110.000	0.000	0.000	-0.016	100.000	0.000	0.000
2982110.000	0.000	0.000	-0.016	100.000	0.000	0.000
2982140.000	0.000	0.000	-0.016	100.000	0.000	0.000
2982140.000	0.000	0.000	-0.016	100.000	0.000	0.000
2982140.000	0.000	0.000	-0.016	100.000	0.000	0.000
2982170.000	0.000	0.000	-0.016	100.000	0.000	0.000
2982170.000	0.000	0.000	-0.016	100.000	0.000	0.000
2982170.000	0.000	0.000	-0.016	100.000	0.000	0.000
2982200.000	0.000	0.000	-0.016	100.000	0.000	0.000
2982200.000	0.000	0.000	-0.016	100.000	0.000	0.000
2982200.000	0.000	0.000	-0.016	100.000	0.000	0.000
2982230.000	0.000	0.000	-0.016	100.000	0.000	0.000
2982230.000	0.000	0.000	-0.016	100.000	0.000	0.000
2982230.000	0.000	0.000	-0.016	100.000	0.000	0.000
2982260.000	0.000	0.000	-0.016	100.000	0.000	0.000
2982260.000	0.000	0.000	-0.016	100.000	0.000	0.000
2982260.000	0.000	0.000	-0.016	100.000	0.000	0.000
2982290.000	0.000	0.000	-0.016	100.000	0.000	0.000
2982290.000	0.000	0.000	-0.016	100.000	0.000	0.000
2982290.000	0.000	0.000	-0.016	100.000	0.000	0.000
2982320.000	0.000	0.000	-0.016	100.000	0.000	0.000
2982320.000	0.000	0.000	-0.016	100.000	0.000	0.000
2982320.000	0.000	0.000	-0.016	100.000	0.000	0.000
2982350.000	0.000	0.000	-0.016	100.000	0.000	0.000
2982350.000	0.000	0.000	-0.016	100.000	0.000	0.000
2982350.000	0.000	0.000	-0.016	100.000	0.000	0.000
2982380.000	0.000	0.000	-0.016	100.000	0.000	0.000
2982380.000	0.000	0.000	-0.016	100.000	0.000	0.000
2982380.000	0.000	0.000	-0.016	100.000	0.000	0.000
2982410.000	0.000	0.000	-0.016	100.000	0.000	0.000
2982410.000	0.000	0.000	-0.016	100.000	0.000	0.000
2982410.000	0.000	0.000	-0.016	100.000	0.000	0.000
2982440.000	0.000	0.000	-0.016	100.000	0.000	0.000
2982440.000	0.000	0.000	-0.016	100.000	0.000	0.000
2982440.000	0.000	0.000	-0.016	100.000	0.000	0.000
2982470.000	0.000	0.000	-0.016	100.000	0.000	0.000
2982470.000	0.000	0.000	-0.016	100.000	0.000	0.000
2982470.000	0.000	0.000	-0.016	100.000	0.000	0.000
2982500.000	0.000	0.000	-0.016	100.000	0.000	0.000
2982500.000	0.000	0.000	-0.016	100.000	0.000	0.000
2982500.000	0.000	0.000	-0.016	100.000	0.000	0.000
2982530.000	0.000	0.000	-0.016	100.000	0.000	0.000
2982530.000	0.000	0.000	-0.016	100.000	0.000	0.000
2982530.000	0.000	0.000	-0.016	100.000	0.000	0.000
2982560.000	0.000	0.000	-0.016	100.000	0.000	0.000
2982560.000	0.000	0.000	-0.016	100.000	0.000	0.000
2982560.000	0.000	0.000	-0.016	100.000	0.000	0.000
2982590.000	0.000	0.000	-0.016	100.000	0.000	0.000
2982590.000	0.000	0.000	-0.016	100.000	0.000	0.000
2982590.000	0.000	0.000	-0.016	100.000	0.000	0.000
2982620.000	0.000	0.000	-0.016	100.000	0.000	0.000
2982620.000	0.000	0.000	-0.016	100.000	0.000	0.000
2982620.000	0.000	0.000	-0.016	100.000	0.000	0.000
2982650.000	0.000	0.000	-0.016	100.000	0.000	0.000
2982650.000	0.000	0.000	-0.016	100.000	0.000	0.000
2982650.000	0.000	0.000	-0.016	100.000	0.000	0.000
2982680.000	0.000	0.000	-0.016	100.000	0.000	0.000
2982680.000	0.000	0.000	-0.016	100.000	0.000	0.000
2982680.000	0.000	0.000	-0.016	100.000	0.000	0.000
2982710.000	0.000	0.000	-0.016	100.000	0.000	0.000
2982710.000	0.000	0.000	-0.016	100.000	0.000	0.000
2982710.000	0.000	0.000	-0.016	100.000	0.000	0.000
2982740.000	0.000	0.000	-0.016	100.000	0.000	0.000
2982740.000	0.000	0.000	-0.016	100.000	0.000	0.000
2982740.000	0.000	0.000	-0.016	100.000	0.000	0.000
2982770.000	0.000	0.000	-0.016	100.000	0.000	0.000
2982770.000	0.000	0.000	-0.016	100.000	0.000	0.000
2982770.000	0.000	0.000	-0.016	100.000	0.000	0.000
2982800.000	0.000	0.000	-0.016	100.000	0.000	0.000
2982800.000	0.000	0.000	-0.016	100.000	0.000	0.000
2982800.000	0.000	0.000	-0.016	100.000	0.000	0.000
2982830.000	0.000	0.000	-0.016	100.000	0.000	0.000
2982830.000	0.000	0.000	-0.016	100.000	0.000	0.000
2982830.000	0.000	0.000	-0.016	100.000	0.000	0.000
2982860.000	0.000	0.000	-0.016	100.000	0.000	0.000
2982860.000	0.000	0.000	-0.016	100.000	0.000	0.000
2982860.000	0.000	0.000	-0.016	100.000	0.000	0.000
2982890.000	0.000	0.000	-0.016	100.000	0.000	0.000
2982890.000	0.000	0.000	-0.016	100.000	0.000	0.000
2982890.000	0.000	0.000	-0.016	100.000	0.000	0.000
2982920.000	0.000	0.000	-0.016	100.000	0.000	0.000
2982920.000	0.000	0.000	-0.016	100.000	0.000	0.000
2982920.000	0.000	0.000	-0.016	100.000	0.000	0.000
2982950.000	0.000	0.000	-0.016	100.000	0.000	0.000
2982950.000	0.000	0.000	-0.016	100.000	0.000	0.000
2982950.000	0.000	0.000	-0.016	100.000	0.000	0.000
2982980.000	0.000	0.000	-0.016	100.000	0.000	0.000
2982980.000	0.000	0.000	-0.016	100.000	0.000	0.000
2982980.000	0.000	0.000	-0.016	100.000	0.000	0.000
2983010.000	0.000	0.000	-0.016	100.000	0.000	0.000
2983010.000	0.000	0.000	-0.016	100.000	0.000	0.000
2983010.000	0.000	0.000	-0.016	100.000	0.000	0.000
2983040.000	0.000	0.000	-0.016	100.000	0.000	0.000
2983040.000	0.000	0.000	-0.016	100.000	0.000	0.000
2983040.000	0.000	0.000	-0.016	100.000	0.000	0.000
2983070.000	0.000	0.000	-0.016	100.000	0.000	0.000
2983070.000	0.000	0.000	-0.016	100.000	0.000	0.000
2983070.000	0.000	0.000	-0.016	100.000	0.000	0.000
2983100.000	0.000	0.000	-0.016	100.000	0.000	0.000
2983100.000	0.000	0.000	-0.016	100.000	0.000	0.000
2983100.000	0.000	0.000	-0.016	100.000	0.000	0.000
2983130.000	0.000	0.000	-0.016	100.000	0.000	0.000
2983130.000	0.000	0.000	-0.016	100.000	0.000	0.000
2983130.000	0.000	0.000	-0.016	100.000	0.000	0.000
2983160.000	0.000	0.000	-0.016	100.000	0.000	0.000
2983160.000	0.000	0.000	-0.016	100.000	0.000	0.000
2983160.000	0.000	0.000	-0.016	100.000	0.000	0.000
2983190.000	0.000	0.000	-0.016	100.000	0.000	0.000
2983190.000	0.000	0.000	-0.016	100.000	0.000	0.000
2983190.000	0.000	0.000	-0.016	100.000	0.000	0.000
2983220.000	0.000	0.000	-0.016	100.000	0.000	0.000
2983220.000	0.000	0.000	-0.016	100.000	0.000	0.000
2983220.000	0.000	0.000	-0.016	100.000	0.000	0.000
2983250.000	0.000	0.000	-0.016	100.000	0.000	0.000
2983250.000	0.000	0.000	-0.016	100.000	0.000	0.000
2983250.000	0.000	0.000	-0.016	100.000	0.000	0.000
2983280.000	0.000	0.000	-0.016	100.000	0.000	0.000
2983280.000	0.000	0.000	-0.016	100.000	0.000	0.000
2983280.000	0.000	0.000	-0.016	100.000	0.000	0.000
2983310.000	0.000	0.000	-0.016	100.000	0.000	0.000
2983310.000	0.000	0.000	-0.016	100.000	0.000	0.000
2983310.000	0.000	0.000	-0.016	100.000	0.000	0.000
