%Time [ms]	Commanded Torque [mNm]	Angular Velocity [RPM]	Actual Current [Amp]	%2/10/20261:31 PM
0.000	0.000	0.000	0.000
20.000	20.000	-19.531	-0.032
30.000	20.000	-19.531	-0.032
40.000	20.000	-19.531	-0.032
50.000	20.000	-1.953	-0.015
60.000	20.000	-1.953	-0.015
70.000	20.000	-1.953	-0.015
80.000	20.000	-7.812	-0.038
90.000	20.000	-7.812	-0.038
100.000	20.000	-7.812	-0.038
110.000	20.000	-23.437	-0.031
120.000	20.000	-23.437	-0.031
130.000	20.000	-23.437	-0.031
140.000	20.000	-33.203	-0.044
150.000	20.000	-33.203	-0.044
160.000	20.000	-33.203	-0.044
170.000	20.000	0.000	-0.018
180.000	20.000	0.000	-0.018
190.000	20.000	0.000	-0.018
200.000	20.000	-3.906	-0.034
210.000	20.000	-3.906	-0.034
220.000	20.000	-3.906	-0.034
230.000	20.000	-25.391	-0.031
240.000	20.000	-25.391	-0.031
250.000	20.000	-25.391	-0.031
260.000	20.000	-33.203	-0.014
270.000	20.000	-33.203	-0.014
280.000	20.000	-33.203	-0.014
290.000	20.000	-35.156	-0.021
300.000	20.000	-35.156	-0.021
310.000	20.000	-35.156	-0.021
320.000	20.000	-33.203	-0.037
330.000	20.000	-33.203	-0.037
340.000	20.000	-33.203	-0.037
350.000	20.000	-11.719	-0.035
360.000	20.000	-11.719	-0.035
370.000	20.000	-11.719	-0.035
380.000	20.000	11.719	-0.017
390.000	20.000	11.719	-0.017
400.000	20.000	11.719	-0.017
410.000	20.000	-27.344	-0.029
420.000	20.000	-27.344	-0.029
430.000	20.000	-27.344	-0.029
440.000	20.000	-46.875	-0.027
450.000	20.000	-46.875	-0.027
460.000	20.000	-46.875	-0.027
470.000	20.000	-1.953	-0.030
480.000	20.000	-1.953	-0.030
490.000	20.000	-1.953	-0.030
500.000	20.000	-33.203	-0.026
510.000	20.000	-33.203	-0.026
520.000	20.000	-33.203	-0.026
530.000	20.000	-17.578	-0.010
540.000	20.000	-17.578	-0.010
550.000	20.000	-17.578	-0.010
560.000	20.000	-41.016	-0.009
570.000	20.000	-41.016	-0.009
580.000	20.000	-41.016	-0.009
590.000	20.000	-37.109	-0.016
600.000	20.000	-37.109	-0.016
610.000	20.000	-37.109	-0.016
620.000	20.000	-13.672	-0.011
630.000	20.000	-13.672	-0.011
640.000	20.000	-13.672	-0.011
650.000	20.000	-39.062	-0.019
660.000	20.000	-39.062	-0.019
670.000	20.000	-39.062	-0.019
680.000	20.000	0.000	-0.013
690.000	20.000	0.000	-0.013
700.000	20.000	0.000	-0.013
710.000	20.000	-42.969	-0.029
720.000	20.000	-42.969	-0.029
730.000	20.000	-42.969	-0.029
740.000	20.000	-52.734	-0.022
750.000	20.000	-52.734	-0.022
760.000	20.000	-52.734	-0.022
770.000	20.000	-5.859	-0.015
780.000	20.000	-5.859	-0.015
790.000	20.000	-5.859	-0.015
800.000	20.000	-56.641	-0.031
810.000	20.000	-56.641	-0.031
820.000	20.000	-56.641	-0.031
830.000	20.000	1.953	-0.025
840.000	20.000	1.953	-0.025
850.000	20.000	1.953	-0.025
860.000	20.000	-41.016	-0.025
870.000	20.000	-41.016	-0.025
880.000	20.000	-41.016	-0.025
890.000	20.000	-25.391	-0.023
900.000	20.000	-25.391	-0.023
910.000	20.000	-25.391	-0.023
920.000	20.000	-7.812	-0.042
930.000	20.000	-7.812	-0.042
940.000	20.000	-7.812	-0.042
950.000	20.000	-41.016	-0.041
960.000	20.000	-41.016	-0.041
970.000	20.000	-41.016	-0.041
980.000	20.000	-15.625	-0.016
990.000	20.000	-15.625	-0.016
1000.000	20.000	-15.625	-0.016
1010.000	20.000	-35.156	-0.021
1020.000	20.000	-35.156	-0.021
1030.000	20.000	-35.156	-0.021
1040.000	20.000	-48.828	-0.013
1050.000	20.000	-48.828	-0.013
1060.000	20.000	-48.828	-0.013
1070.000	20.000	-23.437	-0.007
1080.000	20.000	-23.437	-0.007
1090.000	20.000	-23.437	-0.007
1100.000	20.000	-37.109	0.313
1110.000	20.000	-37.109	0.313
1120.000	20.000	-37.109	0.313
1130.000	20.000	-60.547	0.443
1140.000	20.000	-60.547	0.443
1150.000	20.000	-60.547	0.443
1160.000	20.000	54.687	0.548
1170.000	20.000	54.687	0.548
1180.000	20.000	54.687	0.548
1190.000	20.000	128.906	0.562
1200.000	20.000	128.906	0.562
1210.000	20.000	128.906	0.562
1220.000	20.000	175.781	0.563
1230.000	20.000	175.781	0.563
1240.000	20.000	175.781	0.563
1250.000	20.000	210.937	0.595
1260.000	20.000	210.937	0.595
1270.000	20.000	210.937	0.595
1280.000	20.000	251.953	0.597
1290.000	20.000	251.953	0.597
1300.000	20.000	251.953	0.597
1310.000	20.000	248.047	0.563
1320.000	20.000	248.047	0.563
1330.000	20.000	248.047	0.563
1340.000	20.000	320.312	0.582
1350.000	20.000	320.312	0.582
1360.000	20.000	320.312	0.582
1370.000	20.000	416.016	0.594
1380.000	20.000	416.016	0.594
1390.000	20.000	416.016	0.594
1400.000	20.000	414.062	0.601
1410.000	20.000	414.062	0.601
1420.000	20.000	414.062	0.601
1430.000	20.000	501.953	0.608
1440.000	20.000	501.953	0.608
1450.000	20.000	501.953	0.608
1460.000	20.000	507.812	0.591
1470.000	20.000	507.812	0.591
1480.000	20.000	507.812	0.591
1490.000	20.000	603.516	0.590
1500.000	20.000	603.516	0.590
1510.000	20.000	603.516	0.590
1520.000	20.000	662.109	0.581
1530.000	20.000	662.109	0.581
1540.000	20.000	662.109	0.581
1550.000	20.000	703.125	0.588
1560.000	20.000	703.125	0.588
1570.000	20.000	703.125	0.588
1580.000	20.000	720.703	0.601
1590.000	20.000	720.703	0.601
1600.000	20.000	720.703	0.601
1610.000	20.000	751.953	0.590
1620.000	20.000	751.953	0.590
1630.000	20.000	751.953	0.590
1640.000	20.000	802.734	0.562
1650.000	20.000	802.734	0.562
1660.000	20.000	802.734	0.562
1670.000	20.000	876.953	0.586
1680.000	20.000	876.953	0.586
1690.000	20.000	876.953	0.586
1700.000	20.000	904.297	0.565
1710.000	20.000	904.297	0.565
1720.000	20.000	904.297	0.565
1730.000	20.000	902.344	0.584
1740.000	20.000	902.344	0.584
1750.000	20.000	902.344	0.584
1760.000	20.000	1025.391	0.582
1770.000	20.000	1025.391	0.582
1780.000	20.000	1025.391	0.582
1790.000	20.000	1062.500	0.598
1800.000	20.000	1062.500	0.598
1810.000	20.000	1062.500	0.598
1820.000	20.000	1074.219	0.578
1830.000	20.000	1074.219	0.578
1840.000	20.000	1074.219	0.578
1850.000	20.000	1119.141	0.604
1860.000	20.000	1119.141	0.604
1870.000	20.000	1119.141	0.604
1880.000	20.000	1208.984	0.560
1890.000	20.000	1208.984	0.560
1900.000	20.000	1208.984	0.560
1910.000	20.000	1253.906	0.577
1920.000	20.000	1253.906	0.577
1930.000	20.000	1253.906	0.577
1940.000	20.000	1296.875	0.568
1950.000	20.000	1296.875	0.568
1960.000	20.000	1296.875	0.568
1970.000	20.000	1339.844	0.562
1980.000	20.000	1339.844	0.562
1990.000	20.000	1339.844	0.562
2000.000	20.000	1384.766	0.594
2010.000	20.000	1384.766	0.594
2020.000	20.000	1384.766	0.594
2030.000	20.000	1435.547	0.573
2040.000	20.000	1435.547	0.573
2050.000	20.000	1435.547	0.573
2060.000	20.000	1447.266	0.563
2070.000	20.000	1447.266	0.563
2080.000	20.000	1447.266	0.563
2090.000	20.000	1533.203	0.576
2100.000	20.000	1533.203	0.576
2110.000	20.000	1533.203	0.576
2120.000	20.000	1548.828	0.574
2130.000	20.000	1548.828	0.574
2140.000	20.000	1548.828	0.574
2150.000	20.000	1623.047	0.588
2160.000	20.000	1623.047	0.588
2170.000	20.000	1623.047	0.588
2180.000	20.000	1636.719	0.584
2190.000	20.000	1636.719	0.584
2200.000	20.000	1636.719	0.584
2210.000	20.000	1707.031	0.598
2220.000	20.000	1707.031	0.598
2230.000	20.000	1707.031	0.598
2240.000	20.000	1699.219	0.586
2250.000	20.000	1699.219	0.586
2260.000	20.000	1699.219	0.586
2270.000	20.000	1775.391	0.568
2280.000	20.000	1775.391	0.568
2290.000	20.000	1775.391	0.568
2300.000	20.000	1750.000	0.580
2310.000	20.000	1750.000	0.580
2320.000	20.000	1750.000	0.580
2330.000	20.000	1869.141	0.568
2340.000	20.000	1869.141	0.568
2350.000	20.000	1869.141	0.568
2360.000	20.000	1910.156	0.597
2370.000	20.000	1910.156	0.597
2380.000	20.000	1910.156	0.597
2390.000	20.000	1919.922	0.566
2400.000	20.000	1919.922	0.566
2410.000	20.000	1919.922	0.566
2420.000	20.000	1941.406	0.585
2430.000	20.000	1941.406	0.585
2440.000	20.000	1941.406	0.585
2450.000	20.000	1998.047	0.585
2460.000	20.000	1998.047	0.585
2470.000	20.000	1998.047	0.585
2480.000	20.000	2021.484	0.580
2490.000	20.000	2021.484	0.580
2500.000	20.000	2021.484	0.580
2510.000	20.000	2083.984	0.582
2520.000	20.000	2083.984	0.582
2530.000	20.000	2083.984	0.582
2540.000	20.000	2154.297	0.572
2550.000	20.000	2154.297	0.572
2560.000	20.000	2154.297	0.572
2570.000	20.000	2160.156	0.588
2580.000	20.000	2160.156	0.588
2590.000	20.000	2160.156	0.588
2600.000	20.000	2232.422	0.572
2610.000	20.000	2232.422	0.572
2620.000	20.000	2232.422	0.572
2630.000	20.000	2267.578	0.576
2640.000	20.000	2267.578	0.576
2650.000	20.000	2267.578	0.576
2660.000	20.000	2300.781	0.588
2670.000	20.000	2300.781	0.588
2680.000	20.000	2300.781	0.588
2690.000	20.000	2324.219	0.582
2700.000	20.000	2324.219	0.582
2710.000	20.000	2324.219	0.582
2720.000	20.000	2355.469	0.594
2730.000	20.000	2355.469	0.594
2740.000	20.000	2355.469	0.594
2750.000	20.000	2417.969	0.576
2760.000	20.000	2417.969	0.576
2770.000	20.000	2417.969	0.576
2780.000	20.000	2457.031	0.565
2790.000	20.000	2457.031	0.565
2800.000	20.000	2457.031	0.565
2810.000	20.000	2500.000	0.582
2820.000	20.000	2500.000	0.582
2830.000	20.000	2500.000	0.582
2840.000	20.000	2535.156	0.580
2850.000	20.000	2535.156	0.580
2860.000	20.000	2535.156	0.580
2870.000	20.000	2533.203	0.577
2880.000	20.000	2533.203	0.577
2890.000	20.000	2533.203	0.577
2900.000	20.000	2626.953	0.580
2910.000	20.000	2626.953	0.580
2920.000	20.000	2626.953	0.580
2930.000	20.000	2667.969	0.572
2940.000	20.000	2667.969	0.572
2950.000	20.000	2667.969	0.572
2960.000	20.000	2724.609	0.599
2970.000	20.000	2724.609	0.599
2980.000	20.000	2724.609	0.599
2990.000	20.000	2763.672	0.593
3000.000	20.000	2763.672	0.593
3010.000	20.000	2763.672	0.593
3020.000	20.000	2806.641	0.584
3030.000	20.000	2806.641	0.584
3040.000	20.000	2806.641	0.584
3050.000	20.000	2867.187	0.592
3060.000	20.000	2867.187	0.592
3070.000	20.000	2867.187	0.592
3080.000	20.000	2888.672	0.555
3090.000	20.000	2888.672	0.555
3100.000	20.000	2888.672	0.555
3110.000	20.000	2929.687	0.583
3120.000	20.000	2929.687	0.583
3130.000	20.000	2929.687	0.583
3140.000	20.000	2947.266	0.602
3150.000	20.000	2947.266	0.602
3160.000	20.000	2947.266	0.602
3170.000	20.000	2978.516	0.562
3180.000	20.000	2978.516	0.562
3190.000	20.000	2978.516	0.562
3200.000	20.000	3046.875	0.591
3210.000	20.000	3046.875	0.591
3220.000	20.000	3046.875	0.591
3230.000	20.000	3076.172	0.579
3240.000	20.000	3076.172	0.579
3250.000	20.000	3076.172	0.579
3260.000	20.000	3113.281	0.598
3270.000	20.000	3113.281	0.598
3280.000	20.000	3113.281	0.598
3290.000	20.000	3140.625	0.591
3300.000	20.000	3140.625	0.591
3310.000	20.000	3140.625	0.591
3320.000	20.000	3197.266	0.597
3330.000	20.000	3197.266	0.597
3340.000	20.000	3197.266	0.597
3350.000	20.000	3238.281	0.591
3360.000	20.000	3238.281	0.591
3370.000	20.000	3238.281	0.591
3380.000	20.000	3273.437	0.569
3390.000	20.000	3273.437	0.569
3400.000	20.000	3273.437	0.569
3410.000	20.000	3242.187	0.581
3420.000	20.000	3242.187	0.581
3430.000	20.000	3242.187	0.581
3440.000	20.000	3332.031	0.580
3450.000	20.000	3332.031	0.580
3460.000	20.000	3332.031	0.580
3470.000	20.000	3410.156	0.593
3480.000	20.000	3410.156	0.593
3490.000	20.000	3410.156	0.593
3500.000	20.000	3431.641	0.548
3510.000	20.000	3431.641	0.548
3520.000	20.000	3431.641	0.548
3530.000	20.000	3464.844	0.597
3540.000	20.000	3464.844	0.597
3550.000	20.000	3464.844	0.597
3560.000	20.000	3474.609	0.583
3570.000	20.000	3474.609	0.583
3580.000	20.000	3474.609	0.583
3590.000	20.000	3558.594	0.565
3600.000	20.000	3558.594	0.565
3610.000	20.000	3558.594	0.565
3620.000	20.000	3564.453	0.564
3630.000	20.000	3564.453	0.564
3640.000	20.000	3564.453	0.564
3650.000	20.000	3593.750	0.580
3660.000	20.000	3593.750	0.580
3670.000	20.000	3593.750	0.580
3680.000	20.000	3642.578	0.575
3690.000	20.000	3642.578	0.575
3700.000	20.000	3642.578	0.575
3710.000	20.000	3685.547	0.571
3720.000	20.000	3685.547	0.571
3730.000	20.000	3685.547	0.571
3740.000	20.000	3753.906	0.576
3750.000	20.000	3753.906	0.576
3760.000	20.000	3753.906	0.576
3770.000	20.000	3767.578	0.559
3780.000	20.000	3767.578	0.559
3790.000	20.000	3767.578	0.559
3800.000	20.000	3804.687	0.587
3810.000	20.000	3804.687	0.587
3820.000	20.000	3804.687	0.587
3830.000	20.000	3884.766	0.589
3840.000	20.000	3884.766	0.589
3850.000	20.000	3884.766	0.589
3860.000	20.000	3833.984	0.543
3870.000	20.000	3833.984	0.543
3880.000	20.000	3833.984	0.543
3890.000	20.000	3892.578	0.573
3900.000	20.000	3892.578	0.573
3910.000	20.000	3892.578	0.573
3920.000	20.000	3929.687	0.573
3930.000	20.000	3929.687	0.573
3940.000	20.000	3929.687	0.573
3950.000	20.000	3964.844	0.590
3960.000	20.000	3964.844	0.590
3970.000	20.000	3964.844	0.590
3980.000	20.000	3998.047	0.573
3990.000	20.000	3998.047	0.573
4000.000	20.000	3998.047	0.573
4010.000	20.000	3998.047	0.596
4020.000	20.000	3998.047	0.596
4030.000	20.000	3998.047	0.596
4040.000	20.000	3998.047	0.567
4050.000	20.000	3998.047	0.567
4060.000	20.000	3998.047	0.567
4070.000	20.000	3998.047	0.422
4080.000	20.000	3998.047	0.422
4090.000	20.000	3998.047	0.422
4100.000	20.000	3998.047	0.184
4110.000	20.000	3998.047	0.184
4120.000	20.000	3998.047	0.184
4130.000	20.000	3998.047	0.044
4140.000	20.000	3998.047	0.044
4150.000	20.000	3998.047	0.044
4160.000	20.000	3998.047	-0.144
4170.000	20.000	3998.047	-0.144
4180.000	20.000	3998.047	-0.144
4190.000	20.000	3998.047	-0.268
4200.000	20.000	3998.047	-0.268
4210.000	20.000	3998.047	-0.268
4220.000	20.000	3998.047	-0.286
4230.000	20.000	3998.047	-0.286
4240.000	20.000	3998.047	-0.286
4250.000	20.000	3984.375	-0.263
4260.000	20.000	3984.375	-0.263
4270.000	20.000	3984.375	-0.263
4280.000	20.000	3978.516	-0.153
4290.000	20.000	3978.516	-0.153
4300.000	20.000	3978.516	-0.153
4310.000	20.000	3931.641	-0.062
4320.000	20.000	3931.641	-0.062
4330.000	20.000	3931.641	-0.062
4340.000	20.000	3914.062	0.070
4350.000	20.000	3914.062	0.070
4360.000	20.000	3914.062	0.070
4370.000	20.000	3886.719	0.203
4380.000	20.000	3886.719	0.203
4390.000	20.000	3886.719	0.203
4400.000	20.000	3929.687	0.373
4410.000	20.000	3929.687	0.373
4420.000	20.000	3929.687	0.373
4430.000	20.000	3978.516	0.465
4440.000	20.000	3978.516	0.465
4450.000	20.000	3978.516	0.465
4460.000	20.000	3998.047	0.482
4470.000	20.000	3998.047	0.482
4480.000	20.000	3998.047	0.482
4490.000	20.000	3998.047	0.446
4500.000	20.000	3998.047	0.446
4510.000	20.000	3998.047	0.446
4520.000	20.000	3998.047	0.376
4530.000	20.000	3998.047	0.376
4540.000	20.000	3998.047	0.376
4550.000	20.000	3998.047	0.263
4560.000	20.000	3998.047	0.263
4570.000	20.000	3998.047	0.263
4580.000	20.000	3998.047	0.150
4590.000	20.000	3998.047	0.150
4600.000	20.000	3998.047	0.150
4610.000	20.000	3998.047	0.103
4620.000	20.000	3998.047	0.103
4630.000	20.000	3998.047	0.103
4640.000	20.000	3998.047	0.053
4650.000	20.000	3998.047	0.053
4660.000	20.000	3998.047	0.053
4670.000	20.000	3998.047	0.035
4680.000	20.000	3998.047	0.035
4690.000	20.000	3998.047	0.035
4700.000	20.000	3984.375	0.013
4710.000	20.000	3984.375	0.013
4720.000	20.000	3984.375	0.013
4730.000	20.000	3988.281	0.006
4740.000	20.000	3988.281	0.006
4750.000	20.000	3988.281	0.006
4760.000	20.000	3998.047	0.040
4770.000	20.000	3998.047	0.040
4780.000	20.000	3998.047	0.040
4790.000	20.000	3990.234	0.064
4800.000	20.000	3990.234	0.064
4810.000	20.000	3990.234	0.064
4820.000	20.000	3994.141	0.112
4830.000	20.000	3994.141	0.112
4840.000	20.000	3994.141	0.112
4850.000	20.000	3958.984	0.185
4860.000	20.000	3958.984	0.185
4870.000	20.000	3958.984	0.185
4880.000	20.000	3974.609	0.235
4890.000	20.000	3974.609	0.235
4900.000	20.000	3974.609	0.235
4910.000	20.000	3998.047	0.276
4920.000	20.000	3998.047	0.276
4930.000	20.000	3998.047	0.276
4940.000	20.000	3998.047	0.280
4950.000	20.000	3998.047	0.280
4960.000	20.000	3998.047	0.280
4970.000	20.000	3998.047	0.270
4980.000	20.000	3998.047	0.270
4990.000	20.000	3998.047	0.270
5000.000	20.000	3998.047	0.238
5010.000	20.000	3998.047	0.238
5020.000	20.000	3998.047	0.238
5030.000	20.000	3998.047	0.207
5040.000	20.000	3998.047	0.207
5050.000	20.000	3998.047	0.207
5060.000	20.000	3998.047	0.180
5070.000	20.000	3998.047	0.180
5080.000	20.000	3998.047	0.180
5090.000	20.000	3998.047	0.127
5100.000	20.000	3998.047	0.127
5110.000	20.000	3998.047	0.127
5120.000	20.000	3998.047	0.106
5130.000	20.000	3998.047	0.106
5140.000	20.000	3998.047	0.106
5150.000	20.000	3976.562	0.078
5160.000	20.000	3976.562	0.078
5170.000	20.000	3976.562	0.078
5180.000	20.000	3998.047	0.091
5190.000	20.000	3998.047	0.091
5200.000	20.000	3998.047	0.091
5210.000	20.000	3998.047	0.088
5220.000	20.000	3998.047	0.088
5230.000	20.000	3998.047	0.088
5240.000	20.000	3988.281	0.120
5250.000	20.000	3988.281	0.120
5260.000	20.000	3988.281	0.120
5270.000	20.000	3988.281	0.142
5280.000	20.000	3988.281	0.142
5290.000	20.000	3988.281	0.142
5300.000	20.000	3978.516	0.187
5310.000	20.000	3978.516	0.187
5320.000	20.000	3978.516	0.187
5330.000	20.000	3994.141	0.167
5340.000	20.000	3994.141	0.167
5350.000	20.000	3994.141	0.167
5360.000	20.000	3998.047	0.208
5370.000	20.000	3998.047	0.208
5380.000	20.000	3998.047	0.208
5390.000	20.000	3976.562	0.226
5400.000	20.000	3976.562	0.226
5410.000	20.000	3976.562	0.226
5420.000	20.000	3998.047	0.183
5430.000	20.000	3998.047	0.183
5440.000	20.000	3998.047	0.183
5450.000	20.000	3982.422	0.190
5460.000	20.000	3982.422	0.190
5470.000	20.000	3982.422	0.190
5480.000	20.000	3998.047	0.179
5490.000	20.000	3998.047	0.179
5500.000	20.000	3998.047	0.179
5510.000	20.000	3996.094	0.158
5520.000	20.000	3996.094	0.158
5530.000	20.000	3996.094	0.158
5540.000	20.000	3998.047	0.164
5550.000	20.000	3998.047	0.164
5560.000	20.000	3998.047	0.164
5570.000	20.000	3998.047	0.135
5580.000	20.000	3998.047	0.135
5590.000	20.000	3998.047	0.135
5600.000	20.000	3998.047	0.150
5610.000	20.000	3998.047	0.150
5620.000	20.000	3998.047	0.150
5630.000	20.000	3998.047	0.137
5640.000	20.000	3998.047	0.137
5650.000	20.000	3998.047	0.137
5660.000	20.000	3960.937	0.129
5670.000	20.000	3960.937	0.129
5680.000	20.000	3960.937	0.129
5690.000	20.000	3998.047	0.132
5700.000	20.000	3998.047	0.132
5710.000	20.000	3998.047	0.132
5720.000	20.000	3998.047	0.153
5730.000	20.000	3998.047	0.153
5740.000	20.000	3998.047	0.153
5750.000	20.000	3994.141	0.155
5760.000	20.000	3994.141	0.155
5770.000	20.000	3994.141	0.155
5780.000	20.000	3998.047	0.187
5790.000	20.000	3998.047	0.187
5800.000	20.000	3998.047	0.187
5810.000	20.000	3998.047	0.189
5820.000	20.000	3998.047	0.189
5830.000	20.000	3998.047	0.189
5840.000	20.000	3986.328	0.188
5850.000	20.000	3986.328	0.188
5860.000	20.000	3986.328	0.188
5870.000	20.000	3984.375	0.176
5880.000	20.000	3984.375	0.176
5890.000	20.000	3984.375	0.176
5900.000	20.000	3998.047	0.165
5910.000	20.000	3998.047	0.165
5920.000	20.000	3998.047	0.165
5930.000	20.000	3990.234	0.181
5940.000	20.000	3990.234	0.181
5950.000	20.000	3990.234	0.181
5960.000	20.000	3984.375	0.179
5970.000	20.000	3984.375	0.179
5980.000	20.000	3984.375	0.179
5990.000	20.000	3998.047	0.143
6000.000	20.000	3998.047	0.143
6010.000	20.000	3998.047	0.143
6020.000	20.000	3998.047	0.146
6030.000	20.000	3998.047	0.146
6040.000	20.000	3998.047	0.146
6050.000	20.000	3998.047	0.150
6060.000	20.000	3998.047	0.150
6070.000	20.000	3998.047	0.150
6080.000	20.000	3976.562	0.146
6090.000	20.000	3976.562	0.146
6100.000	20.000	3976.562	0.146
6110.000	20.000	3994.141	0.052
6120.000	20.000	3994.141	0.052
6130.000	20.000	3994.141	0.052
6140.000	20.000	3972.656	0.017
6150.000	20.000	3972.656	0.017
6160.000	20.000	3972.656	0.017
6170.000	20.000	3998.047	-0.017
6180.000	20.000	3998.047	-0.017
6190.000	20.000	3998.047	-0.017
6200.000	20.000	3955.078	-0.026
6210.000	20.000	3955.078	-0.026
6220.000	20.000	3955.078	-0.026
6230.000	20.000	3916.016	-0.021
6240.000	20.000	3916.016	-0.021
6250.000	20.000	3916.016	-0.021
6260.000	20.000	3939.453	-0.032
6270.000	20.000	3939.453	-0.032
6280.000	20.000	3939.453	-0.032
6290.000	20.000	3923.828	-0.026
6300.000	20.000	3923.828	-0.026
6310.000	20.000	3923.828	-0.026
6320.000	20.000	3875.000	-0.015
6330.000	20.000	3875.000	-0.015
6340.000	20.000	3875.000	-0.015
6350.000	20.000	3875.000	-0.015
6360.000	20.000	3875.000	-0.015
6370.000	20.000	3875.000	-0.015
6380.000	20.000	3871.094	-0.021
6390.000	20.000	3871.094	-0.021
6400.000	20.000	3871.094	-0.021
6410.000	20.000	3847.656	-0.017
6420.000	20.000	3847.656	-0.017
6430.000	20.000	3847.656	-0.017
6440.000	20.000	3802.734	-0.025
6450.000	20.000	3802.734	-0.025
6460.000	20.000	3802.734	-0.025
6470.000	20.000	3814.453	-0.021
6480.000	20.000	3814.453	-0.021
6490.000	20.000	3814.453	-0.021
6500.000	20.000	3775.391	-0.007
6510.000	20.000	3775.391	-0.007
6520.000	20.000	3775.391	-0.007
6530.000	20.000	3767.578	-0.009
6540.000	20.000	3767.578	-0.009
6550.000	20.000	3767.578	-0.009
6560.000	20.000	3761.719	-0.031
6570.000	20.000	3761.719	-0.031
6580.000	20.000	3761.719	-0.031
6590.000	20.000	3728.516	-0.026
6600.000	20.000	3728.516	-0.026
6610.000	20.000	3728.516	-0.026
6620.000	20.000	3724.609	-0.026
6630.000	20.000	3724.609	-0.026
6640.000	20.000	3724.609	-0.026
6650.000	20.000	3703.125	-0.042
6660.000	20.000	3703.125	-0.042
6670.000	20.000	3703.125	-0.042
6680.000	20.000	3697.266	-0.021
6690.000	20.000	3697.266	-0.021
6700.000	20.000	3697.266	-0.021
6710.000	20.000	3675.781	-0.031
6720.000	20.000	3675.781	-0.031
6730.000	20.000	3675.781	-0.031
6740.000	20.000	3638.672	-0.038
6750.000	20.000	3638.672	-0.038
6760.000	20.000	3638.672	-0.038
6770.000	20.000	3650.391	-0.027
6780.000	20.000	3650.391	-0.027
6790.000	20.000	3650.391	-0.027
6800.000	20.000	3642.578	-0.017
6810.000	20.000	3642.578	-0.017
6820.000	20.000	3642.578	-0.017
6830.000	20.000	3615.234	-0.017
6840.000	20.000	3615.234	-0.017
6850.000	20.000	3615.234	-0.017
6860.000	20.000	3597.656	-0.023
6870.000	20.000	3597.656	-0.023
6880.000	20.000	3597.656	-0.023
6890.000	20.000	3558.594	-0.021
6900.000	20.000	3558.594	-0.021
6910.000	20.000	3558.594	-0.021
6920.000	20.000	3548.828	-0.022
6930.000	20.000	3548.828	-0.022
6940.000	20.000	3548.828	-0.022
6950.000	20.000	3535.156	-0.021
6960.000	20.000	3535.156	-0.021
6970.000	20.000	3535.156	-0.021
6980.000	20.000	3515.625	-0.013
6990.000	20.000	3515.625	-0.013
7000.000	20.000	3515.625	-0.013
7010.000	20.000	3519.531	-0.032
7020.000	20.000	3519.531	-0.032
