%Time [ms]	Commanded Torque [mNm]	Angular Velocity [RPM]	Actual Current [Amp]	%2/10/20261:36 PM
0.000	0.000	0.000	0.000
20.000	8.000	-0.073	0.001
30.000	8.000	-0.073	-0.000
40.000	8.000	-0.073	0.001
50.000	8.000	-0.073	-0.000
60.000	8.000	-0.073	0.003
70.000	8.000	-0.073	0.002
80.000	8.000	-0.073	0.004
90.000	8.000	-0.073	0.003
100.000	8.000	-0.073	0.004
110.000	8.000	-0.073	0.004
120.000	8.000	0.000	0.006
130.000	8.000	0.000	0.006
140.000	8.000	0.000	0.004
150.000	8.000	0.000	0.003
160.000	8.000	0.000	0.003
170.000	8.000	0.000	0.001
180.000	8.000	0.000	0.001
190.000	8.000	0.000	-0.000
200.000	8.000	0.000	-0.002
210.000	8.000	0.000	-0.002
220.000	8.000	0.000	0.001
230.000	8.000	0.000	0.002
240.000	8.000	0.000	0.002
250.000	8.000	0.000	0.001
260.000	8.000	0.000	0.004
270.000	8.000	0.000	0.006
280.000	8.000	0.000	0.006
290.000	8.000	0.000	0.003
300.000	8.000	0.000	0.006
310.000	8.000	0.000	0.004
320.000	8.000	0.000	0.002
330.000	8.000	0.000	0.002
340.000	8.000	0.000	-0.000
350.000	8.000	0.000	0.001
360.000	8.000	0.000	0.001
370.000	8.000	0.000	-0.000
380.000	8.000	0.000	0.001
390.000	8.000	0.000	0.001
400.000	8.000	0.000	-0.000
410.000	8.000	0.000	0.001
420.000	8.000	0.000	0.001
430.000	8.000	0.000	0.004
440.000	8.000	0.000	0.004
450.000	8.000	0.000	0.004
460.000	8.000	0.000	0.006
470.000	8.000	0.000	0.004
480.000	8.000	0.000	0.004
490.000	8.000	0.000	0.003
500.000	8.000	0.000	0.002
510.000	8.000	0.000	0.002
520.000	8.000	0.000	-0.000
530.000	8.000	0.000	-0.000
540.000	8.000	0.000	-0.000
550.000	8.000	0.000	0.001
560.000	8.000	0.000	0.003
570.000	8.000	0.000	0.003
580.000	8.000	0.000	0.002
590.000	8.000	0.000	0.006
600.000	8.000	0.000	0.006
610.000	8.000	0.000	0.003
620.000	8.000	0.000	0.003
630.000	8.000	0.000	0.007
640.000	8.000	0.000	0.007
650.000	8.000	0.000	0.002
660.000	8.000	0.000	0.003
670.000	8.000	0.000	0.002
680.000	8.000	0.000	0.001
690.000	8.000	0.000	0.001
700.000	8.000	0.000	0.002
710.000	8.000	0.000	-0.000
720.000	8.000	0.000	0.001
730.000	8.000	0.000	-0.002
740.000	8.000	0.000	0.002
750.000	8.000	0.000	0.002
760.000	8.000	0.000	0.001
770.000	8.000	0.000	0.006
780.000	8.000	0.000	0.006
790.000	8.000	0.000	0.006
800.000	8.000	0.000	0.004
810.000	8.000	0.000	0.004
820.000	8.000	0.000	0.003
830.000	8.000	0.000	0.001
840.000	8.000	0.000	0.001
850.000	8.000	0.000	-0.000
860.000	8.000	0.000	0.001
870.000	8.000	0.000	0.001
880.000	8.000	0.000	-0.000
890.000	8.000	0.000	0.002
900.000	8.000	0.000	0.002
910.000	8.000	0.000	0.003
920.000	8.000	0.000	0.003
930.000	8.000	0.000	0.003
940.000	8.000	0.000	0.004
950.000	8.000	0.000	0.003
960.000	8.000	0.000	0.004
970.000	8.000	0.000	0.004
980.000	8.000	0.000	0.004
990.000	8.000	0.000	0.003
1000.000	8.000	0.000	0.001
1010.000	8.000	0.000	-0.000
1020.000	8.000	0.000	0.001
1030.000	8.000	-0.081	0.032
1040.000	8.000	-0.081	0.111
1050.000	8.000	-0.081	0.166
1060.000	8.000	-0.155	0.206
1070.000	8.000	-0.228	0.235
1080.000	8.000	-0.294	0.257
1090.000	8.000	-0.376	0.275
1100.000	8.000	-0.449	0.284
1110.000	8.000	-0.596	0.292
1120.000	8.000	-0.734	0.303
1130.000	8.000	-0.734	0.303
1140.000	8.000	-0.800	0.308
1150.000	8.000	-0.963	0.312
1160.000	8.000	-1.036	0.311
1170.000	8.000	-1.030	0.314
1180.000	8.000	-1.126	0.313
1190.000	8.000	-1.191	0.314
1200.000	8.000	-1.264	0.316
1210.000	8.000	-1.264	0.316
1220.000	8.000	-1.411	0.316
1230.000	8.000	-1.531	0.317
1240.000	8.000	-1.790	0.314
1250.000	8.000	-1.847	0.314
1260.000	8.000	-1.993	0.316
1270.000	8.000	-2.146	0.316
1280.000	8.000	-2.276	0.318
1290.000	8.000	-2.276	0.318
1300.000	8.000	-2.423	0.314
1310.000	8.000	-2.936	0.316
1320.000	8.000	-2.936	0.316
1330.000	8.000	-3.035	0.314
1340.000	8.000	-3.076	0.316
1350.000	8.000	-3.076	0.316
1360.000	8.000	-3.076	0.317
1370.000	8.000	-3.369	0.317
1380.000	8.000	-3.369	0.317
1390.000	8.000	-3.662	0.314
1400.000	8.000	-3.662	0.314
1410.000	8.000	-3.662	0.314
1420.000	8.000	-3.662	0.317
1430.000	8.000	-4.102	0.316
1440.000	8.000	-4.102	0.316
1450.000	8.000	-4.248	0.319
1460.000	8.000	-4.321	0.316
1470.000	8.000	-4.361	0.318
1480.000	8.000	-4.329	0.317
1490.000	8.000	-4.402	0.314
1500.000	8.000	-4.568	0.317
1510.000	8.000	-4.609	0.316
1520.000	8.000	-4.682	0.314
1530.000	8.000	-4.776	0.314
1540.000	8.000	-4.930	0.314
1550.000	8.000	-4.930	0.317
1560.000	8.000	-4.963	0.317
1570.000	8.000	-5.119	0.313
1580.000	8.000	-5.444	0.317
1590.000	8.000	-5.391	0.316
1600.000	8.000	-5.428	0.317
1610.000	8.000	-5.607	0.317
1620.000	8.000	-5.893	0.316
1630.000	8.000	-5.930	0.314
1640.000	8.000	-5.556	0.313
1650.000	8.000	-5.583	0.314
1660.000	8.000	-5.997	0.318
1670.000	8.000	-6.095	0.313
1680.000	8.000	-5.961	0.316
1690.000	8.000	-6.243	0.317
1700.000	8.000	-6.479	0.317
1710.000	8.000	-6.359	0.318
1720.000	8.000	-6.211	0.316
1730.000	8.000	-6.447	0.313
1740.000	8.000	-6.673	0.316
1750.000	8.000	-7.021	0.318
1760.000	8.000	-7.159	0.318
1770.000	8.000	-7.106	0.316
1780.000	8.000	-7.076	0.316
1790.000	8.000	-6.995	0.316
1800.000	8.000	-7.068	0.314
1810.000	8.000	-7.261	0.317
1820.000	8.000	-7.489	0.316
1830.000	8.000	-7.483	0.317
1840.000	8.000	-7.468	0.314
1850.000	8.000	-7.460	0.318
1860.000	8.000	-7.460	0.317
1870.000	8.000	-7.659	0.316
1880.000	8.000	-8.188	0.316
1890.000	8.000	-8.122	0.317
1900.000	8.000	-7.894	0.316
1910.000	8.000	-8.187	0.317
1920.000	8.000	-8.114	0.316
1930.000	8.000	-8.194	0.316
1940.000	8.000	-8.641	0.316
1950.000	8.000	-8.501	0.316
1960.000	8.000	-8.444	0.316
1970.000	8.000	-8.737	0.317
1980.000	8.000	-8.438	0.314
1990.000	8.000	-9.074	0.316
2000.000	8.000	-9.082	0.314
2010.000	8.000	-8.929	0.317
2020.000	8.000	-9.181	0.317
2030.000	8.000	-9.181	0.316
2040.000	8.000	-9.214	0.314
2050.000	8.000	-9.444	0.314
2060.000	8.000	-9.428	0.314
2070.000	8.000	-9.401	0.316
2080.000	8.000	-9.660	0.317
2090.000	8.000	-9.603	0.317
2100.000	8.000	-9.610	0.317
2110.000	8.000	-9.950	0.316
2120.000	8.000	-9.844	0.317
2130.000	8.000	-10.097	0.317
2140.000	8.000	-10.023	0.317
2150.000	8.000	-9.934	0.316
2160.000	8.000	-10.187	0.316
2170.000	8.000	-10.246	0.317
2180.000	8.000	-10.506	0.317
2190.000	8.000	-9.993	0.316
2200.000	8.000	-10.548	0.317
2210.000	8.000	-10.434	0.314
2220.000	8.000	-10.681	0.317
2230.000	8.000	-10.607	0.316
2240.000	8.000	-10.501	0.314
2250.000	8.000	-10.827	0.316
2260.000	8.000	-10.997	0.316
2270.000	8.000	-11.111	0.313
2280.000	8.000	-10.672	0.314
2290.000	8.000	-11.185	0.316
2300.000	8.000	-11.063	0.316
2310.000	8.000	-11.302	0.316
2320.000	8.000	-11.080	0.318
2330.000	8.000	-11.341	0.317
2340.000	8.000	-11.560	0.317
2350.000	8.000	-11.747	0.316
2360.000	8.000	-11.324	0.317
2370.000	8.000	-11.350	0.317
2380.000	8.000	-11.773	0.316
2390.000	8.000	-11.847	0.316
2400.000	8.000	-11.773	0.314
2410.000	8.000	-11.827	0.317
2420.000	8.000	-12.242	0.313
2430.000	8.000	-12.055	0.316
2440.000	8.000	-12.023	0.318
2450.000	8.000	-11.950	0.316
2460.000	8.000	-12.609	0.317
2470.000	8.000	-12.436	0.316
2480.000	8.000	-12.525	0.316
2490.000	8.000	-12.339	0.318
2500.000	8.000	-12.941	0.317
2510.000	8.000	-12.648	0.314
2520.000	8.000	-12.648	0.321
2530.000	8.000	-12.908	0.316
2540.000	8.000	-13.013	0.317
2550.000	8.000	-13.033	0.314
2560.000	8.000	-12.879	0.318
2570.000	8.000	-13.465	0.314
2580.000	8.000	-13.172	0.314
2590.000	8.000	-13.431	0.321
2600.000	8.000	-13.195	0.316
2610.000	8.000	-13.435	0.316
2620.000	8.000	-13.590	0.317
2630.000	8.000	-13.517	0.316
2640.000	8.000	-13.883	0.319
2650.000	8.000	-13.716	0.317
2660.000	8.000	-13.798	0.316
2670.000	8.000	-13.718	0.316
2680.000	8.000	-13.840	0.316
2690.000	8.000	-13.986	0.317
2700.000	8.000	-14.133	0.316
2710.000	8.000	-14.186	0.316
2720.000	8.000	-14.105	0.314
2730.000	8.000	-14.118	0.314
2740.000	8.000	-14.216	0.316
2750.000	8.000	-14.509	0.316
2760.000	8.000	-14.509	0.317
2770.000	8.000	-14.662	0.314
2780.000	8.000	-14.686	0.317
2790.000	8.000	-14.546	0.317
2800.000	8.000	-14.961	0.317
2810.000	8.000	-14.888	0.317
2820.000	8.000	-15.035	0.316
2830.000	8.000	-15.461	0.318
2840.000	8.000	-14.997	0.317
2850.000	8.000	-15.137	0.317
2860.000	8.000	-15.625	0.317
2870.000	8.000	-15.259	0.316
2880.000	8.000	-15.698	0.317
2890.000	8.000	-16.058	0.316
2900.000	8.000	-15.496	0.316
2910.000	8.000	-15.783	0.316
2920.000	8.000	-16.124	0.314
2930.000	8.000	-15.905	0.314
2940.000	8.000	-16.198	0.317
2950.000	8.000	-16.424	0.317
2960.000	8.000	-16.082	0.314
2970.000	8.000	-16.229	0.314
2980.000	8.000	-16.416	0.314
2990.000	8.000	-16.416	0.316
3000.000	8.000	-16.855	0.317
3010.000	8.000	-16.715	0.316
3020.000	8.000	-16.520	0.317
3030.000	8.000	-16.780	0.317
3040.000	8.000	-16.788	0.316
3050.000	8.000	-16.861	0.318
3060.000	8.000	-17.081	0.318
3070.000	8.000	-17.227	0.316
3080.000	8.000	-17.040	0.316
3090.000	8.000	-16.947	0.314
3100.000	8.000	-17.151	0.317
3110.000	8.000	-17.736	0.314
3120.000	8.000	-17.370	0.316
3130.000	8.000	-17.404	0.316
3140.000	8.000	-17.762	0.316
3150.000	8.000	-17.762	0.316
3160.000	8.000	-17.981	0.314
3170.000	8.000	-18.055	0.316
3180.000	8.000	-18.055	0.316
3190.000	8.000	-18.441	0.319
3200.000	8.000	-18.164	0.316
3210.000	8.000	-18.164	0.316
3220.000	8.000	-18.384	0.316
3230.000	8.000	-18.530	0.316
3240.000	8.000	-18.530	0.316
3250.000	8.000	-18.604	0.314
3260.000	8.000	-18.750	0.317
3270.000	8.000	-18.750	0.317
3280.000	8.000	-18.823	0.317
3290.000	8.000	-19.116	0.314
3300.000	8.000	-19.116	0.314
3310.000	8.000	-19.263	0.316
3320.000	8.000	-19.263	0.316
3330.000	8.000	-19.263	0.316
3340.000	8.000	-19.263	0.314
3350.000	8.000	-19.629	0.316
3360.000	8.000	-19.629	0.316
3370.000	8.000	-19.849	0.316
3380.000	8.000	-19.995	0.314
3390.000	8.000	-19.602	0.317
3400.000	8.000	-19.985	0.316
3410.000	8.000	-19.912	0.317
3420.000	8.000	-20.351	0.316
3430.000	8.000	-20.644	0.317
3440.000	8.000	-20.717	0.316
3450.000	8.000	-20.730	0.318
3460.000	8.000	-20.649	0.316
3470.000	8.000	-21.089	0.317
3480.000	8.000	-20.869	0.314
3490.000	8.000	-21.408	0.317
3500.000	8.000	-20.952	0.314
3510.000	8.000	-20.966	0.316
3520.000	8.000	-21.356	0.317
3530.000	8.000	-21.356	0.317
3540.000	8.000	-21.363	0.317
3550.000	8.000	-21.659	0.319
3560.000	8.000	-21.887	0.317
3570.000	8.000	-21.747	0.316
3580.000	8.000	-22.366	0.317
3590.000	8.000	-22.219	0.316
3600.000	8.000	-22.512	0.317
3610.000	8.000	-22.889	0.314
3620.000	8.000	-22.865	0.314
3630.000	8.000	-22.665	0.318
3640.000	8.000	-23.220	0.316
3650.000	8.000	-23.057	0.316
3660.000	8.000	-23.044	0.316
3670.000	8.000	-23.273	0.318
3680.000	8.000	-23.241	0.314
3690.000	8.000	-23.381	0.316
3700.000	8.000	-23.869	0.317
3710.000	8.000	-23.698	0.319
3720.000	8.000	-23.678	0.319
3730.000	8.000	-24.366	0.317
3740.000	8.000	-24.097	0.317
3750.000	8.000	-24.390	0.314
3760.000	8.000	-24.477	0.317
3770.000	8.000	-24.607	0.318
3780.000	8.000	-24.607	0.318
3790.000	8.000	-25.200	0.317
3800.000	8.000	-25.517	0.316
3810.000	8.000	-25.517	0.316
3820.000	8.000	-25.464	0.314
3830.000	8.000	-25.635	0.316
3840.000	8.000	-25.635	0.316
3850.000	8.000	-25.708	0.316
3860.000	8.000	-25.854	0.317
3870.000	8.000	-25.854	0.317
3880.000	8.000	-26.660	0.317
3890.000	8.000	-26.440	0.317
3900.000	8.000	-26.440	0.317
3910.000	8.000	-26.514	0.316
3920.000	8.000	-26.880	0.314
3930.000	8.000	-26.880	0.314
3940.000	8.000	-27.173	0.314
3950.000	8.000	-27.466	0.319
3960.000	8.000	-27.466	0.319
3970.000	8.000	-27.612	0.318
3980.000	8.000	-27.905	0.316
3990.000	8.000	-27.905	0.316
4000.000	8.000	-28.125	0.314
4010.000	8.000	-28.271	0.317
4020.000	8.000	-28.271	0.317
4030.000	8.000	-28.564	0.316
4040.000	8.000	-28.638	0.318
4050.000	8.000	-28.371	0.314
4060.000	8.000	-29.055	0.317
4070.000	8.000	-29.275	0.316
4080.000	8.000	-29.062	0.314
4090.000	8.000	-29.363	0.319
4100.000	8.000	-29.436	0.317
4110.000	8.000	-30.022	0.318
4120.000	8.000	-30.022	0.314
4130.000	8.000	-29.875	0.316
4140.000	8.000	-30.142	0.316
4150.000	8.000	-30.571	0.316
4160.000	8.000	-30.400	0.316
4170.000	8.000	-30.839	0.316
4180.000	8.000	-30.759	0.317
4190.000	8.000	-30.898	0.316
4200.000	8.000	-31.084	0.316
4210.000	8.000	-30.881	0.317
4220.000	8.000	-31.320	0.314
4230.000	8.000	-31.567	0.317
4240.000	8.000	-31.567	0.317
4250.000	8.000	-32.210	0.317
4260.000	8.000	-31.843	0.317
4270.000	8.000	-32.356	0.314
4280.000	8.000	-32.429	0.314
4290.000	8.000	-32.429	0.314
4300.000	8.000	-32.756	0.317
4310.000	8.000	-32.812	0.316
4320.000	8.000	-32.812	0.316
4330.000	8.000	-32.886	0.316
4340.000	8.000	-33.325	0.316
4350.000	8.000	-33.325	0.316
4360.000	8.000	-33.179	0.316
4370.000	8.000	-33.691	0.314
4380.000	8.000	-33.691	0.314
4390.000	8.000	-34.131	0.318
4400.000	8.000	-34.351	0.316
4410.000	8.000	-34.351	0.316
4420.000	8.000	-34.570	0.317
4430.000	8.000	-34.424	0.317
4440.000	8.000	-34.424	0.317
4450.000	8.000	-35.010	0.317
4460.000	8.000	-34.937	0.317
4470.000	8.000	-34.937	0.317
4480.000	8.000	-35.229	0.317
4490.000	8.000	-35.522	0.317
4500.000	8.000	-35.522	0.317
4510.000	8.000	-35.376	0.317
4520.000	8.000	-36.035	0.317
4530.000	8.000	-36.035	0.317
4540.000	8.000	-36.255	0.316
4550.000	8.000	-36.328	0.316
4560.000	8.000	-36.328	0.316
4570.000	8.000	-36.182	0.319
4580.000	8.000	-36.328	0.316
4590.000	8.000	-36.328	0.316
4600.000	8.000	-36.621	0.317
4610.000	8.000	-36.914	0.316
4620.000	8.000	-36.914	0.316
4630.000	8.000	-37.061	0.317
4640.000	8.000	-37.207	0.317
4650.000	8.000	-37.207	0.317
4660.000	8.000	-37.280	0.317
4670.000	8.000	-37.427	0.317
4680.000	8.000	-37.267	0.316
4690.000	8.000	-37.731	0.317
4700.000	8.000	-37.731	0.317
4710.000	8.000	-37.804	0.318
4720.000	8.000	-37.731	0.316
4730.000	8.000	-37.804	0.317
4740.000	8.000	-38.170	0.314
4750.000	8.000	-37.951	0.317
4760.000	8.000	-38.024	0.316
4770.000	8.000	-38.024	0.316
4780.000	8.000	-38.257	0.317
4790.000	8.000	-38.379	0.316
4800.000	8.000	-38.379	0.316
4810.000	8.000	-38.306	0.314
4820.000	8.000	-38.306	0.319
4830.000	8.000	-38.306	0.319
4840.000	8.000	-38.525	0.316
4850.000	8.000	-38.818	0.318
4860.000	8.000	-38.818	0.318
4870.000	8.000	-39.111	0.317
4880.000	8.000	-38.965	0.314
4890.000	8.000	-38.525	0.317
4900.000	8.000	-39.103	0.316
4910.000	8.000	-39.469	0.316
4920.000	8.000	-39.469	0.316
4930.000	8.000	-39.396	0.318
4940.000	8.000	-39.396	0.318
4950.000	8.000	-39.023	0.317
4960.000	8.000	-39.512	0.311
4970.000	8.000	-39.731	0.317
4980.000	8.000	-39.951	0.317
4990.000	8.000	-40.098	0.316
5000.000	8.000	-39.739	0.316
5010.000	8.000	-39.566	0.316
5020.000	8.000	-39.843	0.317
5030.000	8.000	-40.136	0.313
5040.000	8.000	-39.963	0.316
5050.000	8.000	-40.710	0.317
5060.000	8.000	-40.295	0.314
5070.000	8.000	-40.295	0.314
5080.000	8.000	-40.295	0.317
5090.000	8.000	-40.442	0.317
5100.000	8.000	-40.588	0.314
5110.000	8.000	-40.761	0.314
5120.000	8.000	-40.704	0.314
5130.000	8.000	-40.744	0.317
5140.000	8.000	-40.966	0.316
5150.000	8.000	-40.665	0.316
5160.000	8.000	-40.958	0.316
5170.000	8.000	-40.885	0.316
5180.000	8.000	-40.811	0.316
5190.000	8.000	-40.851	0.317
5200.000	8.000	-41.470	0.316
5210.000	8.000	-41.470	0.317
5220.000	8.000	-41.397	0.317
5230.000	8.000	-41.357	0.314
5240.000	8.000	-41.454	0.313
5250.000	8.000	-41.275	0.316
5260.000	8.000	-41.893	0.314
5270.000	8.000	-41.893	0.314
5280.000	8.000	-42.040	0.318
5290.000	8.000	-42.366	0.316
5300.000	8.000	-41.894	0.317
5310.000	8.000	-41.920	0.314
5320.000	8.000	-42.295	0.316
5330.000	8.000	-42.661	0.314
5340.000	8.000	-42.588	0.317
5350.000	8.000	-42.987	0.319
5360.000	8.000	-42.442	0.316
5370.000	8.000	-42.409	0.318
5380.000	8.000	-42.710	0.319
5390.000	8.000	-42.783	0.316
5400.000	8.000	-42.663	0.314
5410.000	8.000	-43.336	0.314
5420.000	8.000	-43.402	0.316
5430.000	8.000	-43.142	0.316
5440.000	8.000	-43.850	0.316
5450.000	8.000	-43.703	0.317
5460.000	8.000	-43.996	0.316
5470.000	8.000	-44.103	0.316
5480.000	8.000	-44.241	0.314
5490.000	8.000	-43.975	0.316
5500.000	8.000	-44.811	0.317
5510.000	8.000	-44.331	0.313
5520.000	8.000	-44.477	0.314
5530.000	8.000	-44.810	0.316
5540.000	8.000	-44.542	0.316
5550.000	8.000	-44.422	0.316
5560.000	8.000	-45.000	0.314
5570.000	8.000	-45.293	0.314
5580.000	8.000	-45.006	0.318
5590.000	8.000	-45.761	0.314
5600.000	8.000	-45.411	0.318
5610.000	8.000	-45.351	0.314
5620.000	8.000	-45.709	0.317
5630.000	8.000	-45.929	0.314
5640.000	8.000	-45.642	0.316
5650.000	8.000	-46.641	0.317
5660.000	8.000	-46.283	0.316
5670.000	8.000	-46.283	0.316
5680.000	8.000	-47.082	0.319
5690.000	8.000	-46.887	0.313
5700.000	8.000	-46.667	0.316
5710.000	8.000	-47.614	0.316
5720.000	8.000	-47.256	0.317
5730.000	8.000	-47.169	0.317
5740.000	8.000	-48.050	0.317
5750.000	8.000	-47.757	0.316
5760.000	8.000	-47.977	0.314
5770.000	8.000	-48.416	0.316
5780.000	8.000	-48.196	0.319
5790.000	8.000	-48.343	0.317
5800.000	8.000	-48.929	0.314
5810.000	8.000	-48.408	0.312
5820.000	8.000	-48.701	0.317
5830.000	8.000	-49.007	0.318
5840.000	8.000	-48.779	0.317
5850.000	8.000	-48.673	0.316
5860.000	8.000	-49.381	0.314
5870.000	8.000	-49.381	0.313
5880.000	8.000	-49.600	0.316
5890.000	8.000	-49.600	0.316
5900.000	8.000	-49.600	0.317
5910.000	8.000	-49.441	0.313
5920.000	8.000	-49.913	0.316
5930.000	8.000	-50.132	0.316
5940.000	8.000	-50.352	0.317
5950.000	8.000	-50.752	0.314
5960.000	8.000	-50.044	0.312
5970.000	8.000	-50.070	0.318
5980.000	8.000	-50.314	0.314
5990.000	8.000	-50.827	0.314
6000.000	8.000	-50.641	0.317
6010.000	8.000	-51.728	0.317
6020.000	8.000	-51.256	0.317
6030.000	8.000	-50.930	0.314
6040.000	8.000	-51.264	0.319
6050.000	8.000	-51.264	0.269
6060.000	8.000	-51.217	0.196
6070.000	8.000	-51.809	0.141
6080.000	8.000	-51.565	0.102
6090.000	8.000	-51.012	0.078
6100.000	8.000	-51.996	0.056
6110.000	8.000	-51.435	0.040
6120.000	8.000	-51.181	0.028
6130.000	8.000	-51.825	0.020
6140.000	8.000	-51.272	0.015
6150.000	8.000	-50.939	0.013
6160.000	8.000	-51.612	0.006
6170.000	8.000	-51.287	0.007
6180.000	8.000	-51.140	0.006
6190.000	8.000	-51.326	0.004
6200.000	8.000	-50.602	0.004
6210.000	8.000	-50.602	0.004
6220.000	8.000	-50.855	0.004
6230.000	8.000	-50.758	0.004
6240.000	8.000	-50.684	0.007
6250.000	8.000	-50.871	0.006
6260.000	8.000	-50.171	0.006
6270.000	8.000	-49.705	0.004
6280.000	8.000	-50.014	0.006
6290.000	8.000	-50.014	0.004
6300.000	8.000	-49.761	0.006
6310.000	8.000	-50.005	0.004
6320.000	8.000	-50.005	0.004
6330.000	8.000	-49.259	0.006
6340.000	8.000	-49.723	0.006
6350.000	8.000	-49.577	0.004
6360.000	8.000	-49.404	0.006
6370.000	8.000	-49.951	0.006
6380.000	8.000	-49.569	0.004
6390.000	8.000	-49.116	0.006
6400.000	8.000	-49.922	0.004
6410.000	8.000	-49.385	0.003
6420.000	8.000	-48.999	0.004
6430.000	8.000	-49.680	0.006
6440.000	8.000	-49.216	0.004
6450.000	8.000	-48.843	0.003
6460.000	8.000	-49.472	0.006
6470.000	8.000	-48.951	0.004
6480.000	8.000	-48.505	0.004
6490.000	8.000	-49.185	0.006
6500.000	8.000	-48.486	0.007
6510.000	8.000	-48.113	0.004
6520.000	8.000	-48.727	0.006
6530.000	8.000	-48.206	0.001
6540.000	8.000	-47.826	0.007
6550.000	8.000	-48.574	0.004
6560.000	8.000	-48.118	0.003
6570.000	8.000	-48.091	0.002
6580.000	8.000	-48.838	0.003
6590.000	8.000	-48.391	-0.002
6600.000	8.000	-47.951	0.001
6610.000	8.000	-48.780	-0.000
6620.000	8.000	-48.259	-0.002
6630.000	8.000	-48.166	-0.000
6640.000	8.000	-48.847	-0.000
6650.000	8.000	-48.472	-0.002
6660.000	8.000	-48.033	-0.000
6670.000	8.000	-48.743	0.001
6680.000	8.000	-48.222	0.001
6690.000	8.000	-47.989	-0.000
6700.000	8.000	-48.640	0.002
6710.000	8.000	-48.258	0.002
6720.000	8.000	-47.965	-0.000
6730.000	8.000	-48.823	-0.000
6740.000	8.000	-48.229	-0.000
6750.000	8.000	-48.189	-0.000
6760.000	8.000	-48.677	0.001
6770.000	8.000	-48.360	-0.000
6780.000	8.000	-47.934	0.001
6790.000	8.000	-48.858	-0.000
6800.000	8.000	-48.427	-0.003
6810.000	8.000	-48.114	-0.000
6820.000	8.000	-48.147	0.001
6830.000	8.000	-48.220	0.001
6840.000	8.000	-48.333	-0.000
6850.000	8.000	-48.138	-0.000
6860.000	8.000	-47.918	-0.000
6870.000	8.000	-48.344	-0.000
6880.000	8.000	-48.344	-0.000
6890.000	8.000	-47.872	-0.002
6900.000	8.000	-47.872	-0.002
6910.000	8.000	-48.185	-0.002
6920.000	8.000	-47.827	0.001
6930.000	8.000	-47.827	-0.000
6940.000	8.000	-47.900	-0.000
6950.000	8.000	-47.827	-0.000
6960.000	8.000	-47.734	-0.000
6970.000	8.000	-48.027	-0.000
6980.000	8.000	-48.247	-0.002
6990.000	8.000	-47.874	0.001
7000.000	8.000	-48.484	0.001
7010.000	8.000	-48.264	-0.000
7020.000	8.000	-48.171	-0.000
