%Time [ms]	Commanded Torque [mNm]	Angular Velocity [RPM]	Actual Current [Amp]	%2/10/20261:29 PM
0.000	0.000	0.000	0.000
20.000	10.000	-37.109	-0.019
30.000	10.000	-37.109	-0.019
40.000	10.000	3.906	-0.044
50.000	10.000	3.906	-0.044
60.000	10.000	3.906	-0.044
70.000	10.000	-7.812	-0.042
80.000	10.000	-7.812	-0.042
90.000	10.000	-7.812	-0.042
100.000	10.000	-39.062	-0.010
110.000	10.000	-39.062	-0.010
120.000	10.000	-39.062	-0.010
130.000	10.000	-50.781	-0.031
140.000	10.000	-50.781	-0.031
150.000	10.000	-50.781	-0.031
160.000	10.000	-11.719	-0.019
170.000	10.000	-11.719	-0.019
180.000	10.000	-11.719	-0.019
190.000	10.000	-31.250	-0.011
200.000	10.000	-31.250	-0.011
210.000	10.000	-31.250	-0.011
220.000	10.000	1.953	-0.008
230.000	10.000	1.953	-0.008
240.000	10.000	1.953	-0.008
250.000	10.000	-25.391	-0.008
260.000	10.000	-25.391	-0.008
270.000	10.000	-25.391	-0.008
280.000	10.000	7.812	-0.010
290.000	10.000	7.812	-0.010
300.000	10.000	7.812	-0.010
310.000	10.000	-62.500	-0.026
320.000	10.000	-62.500	-0.026
330.000	10.000	-62.500	-0.026
340.000	10.000	-42.969	-0.007
350.000	10.000	-42.969	-0.007
360.000	10.000	-42.969	-0.007
370.000	10.000	-17.578	-0.031
380.000	10.000	-17.578	-0.031
390.000	10.000	-17.578	-0.031
400.000	10.000	-13.672	-0.017
410.000	10.000	-13.672	-0.017
420.000	10.000	-13.672	-0.017
430.000	10.000	-35.156	-0.023
440.000	10.000	-35.156	-0.023
450.000	10.000	-35.156	-0.023
460.000	10.000	-19.531	-0.012
470.000	10.000	-19.531	-0.012
480.000	10.000	-19.531	-0.012
490.000	10.000	-23.437	-0.037
500.000	10.000	-23.437	-0.037
510.000	10.000	-23.437	-0.037
520.000	10.000	-35.156	-0.033
530.000	10.000	-35.156	-0.033
540.000	10.000	-35.156	-0.033
550.000	10.000	-35.156	-0.037
560.000	10.000	-35.156	-0.037
570.000	10.000	-35.156	-0.037
580.000	10.000	-9.766	-0.020
590.000	10.000	-9.766	-0.020
600.000	10.000	-9.766	-0.020
610.000	10.000	0.000	-0.011
620.000	10.000	0.000	-0.011
630.000	10.000	0.000	-0.011
640.000	10.000	-15.625	-0.042
650.000	10.000	-15.625	-0.042
660.000	10.000	-15.625	-0.042
670.000	10.000	-3.906	-0.022
680.000	10.000	-3.906	-0.022
690.000	10.000	-3.906	-0.022
700.000	10.000	-35.156	-0.016
710.000	10.000	-35.156	-0.016
720.000	10.000	-35.156	-0.016
730.000	10.000	-35.156	-0.010
740.000	10.000	-35.156	-0.010
750.000	10.000	-35.156	-0.010
760.000	10.000	-13.672	-0.017
770.000	10.000	-13.672	-0.017
780.000	10.000	-13.672	-0.017
790.000	10.000	9.766	-0.024
800.000	10.000	9.766	-0.024
810.000	10.000	9.766	-0.024
820.000	10.000	0.000	-0.018
830.000	10.000	0.000	-0.018
840.000	10.000	0.000	-0.018
850.000	10.000	-17.578	-0.013
860.000	10.000	-17.578	-0.013
870.000	10.000	-17.578	-0.013
880.000	10.000	-58.594	-0.022
890.000	10.000	-58.594	-0.022
900.000	10.000	-58.594	-0.022
910.000	10.000	-29.297	-0.015
920.000	10.000	-29.297	-0.015
930.000	10.000	-29.297	-0.015
940.000	10.000	-60.547	-0.007
950.000	10.000	-60.547	-0.007
960.000	10.000	-60.547	-0.007
970.000	10.000	-42.969	-0.030
980.000	10.000	-42.969	-0.030
990.000	10.000	-42.969	-0.030
1000.000	10.000	-11.719	-0.031
1010.000	10.000	-11.719	-0.031
1020.000	10.000	-11.719	-0.031
1030.000	10.000	-35.156	-0.031
1040.000	10.000	-35.156	-0.031
1050.000	10.000	-35.156	-0.031
1060.000	10.000	-19.531	-0.014
1070.000	10.000	-19.531	-0.014
1080.000	10.000	-19.531	-0.014
1090.000	10.000	-46.875	0.134
1100.000	10.000	-46.875	0.134
1110.000	10.000	-46.875	0.134
1120.000	10.000	-11.719	0.193
1130.000	10.000	-11.719	0.193
1140.000	10.000	-11.719	0.193
1150.000	10.000	-5.859	0.258
1160.000	10.000	-5.859	0.258
1170.000	10.000	-5.859	0.258
1180.000	10.000	-17.578	0.267
1190.000	10.000	-17.578	0.267
1200.000	10.000	-17.578	0.267
1210.000	10.000	39.062	0.257
1220.000	10.000	39.062	0.257
1230.000	10.000	39.062	0.257
1240.000	10.000	46.875	0.267
1250.000	10.000	46.875	0.267
1260.000	10.000	46.875	0.267
1270.000	10.000	70.312	0.287
1280.000	10.000	70.312	0.287
1290.000	10.000	70.312	0.287
1300.000	10.000	128.906	0.279
1310.000	10.000	128.906	0.279
1320.000	10.000	128.906	0.279
1330.000	10.000	148.437	0.259
1340.000	10.000	148.437	0.259
1350.000	10.000	148.437	0.259
1360.000	10.000	130.859	0.245
1370.000	10.000	130.859	0.245
1380.000	10.000	130.859	0.245
1390.000	10.000	148.437	0.244
1400.000	10.000	148.437	0.244
1410.000	10.000	148.437	0.244
1420.000	10.000	216.797	0.258
1430.000	10.000	216.797	0.258
1440.000	10.000	216.797	0.258
1450.000	10.000	216.797	0.253
1460.000	10.000	216.797	0.253
1470.000	10.000	216.797	0.253
1480.000	10.000	226.562	0.278
1490.000	10.000	226.562	0.278
1500.000	10.000	226.562	0.278
1510.000	10.000	253.906	0.267
1520.000	10.000	253.906	0.267
1530.000	10.000	253.906	0.267
1540.000	10.000	255.859	0.261
1550.000	10.000	255.859	0.261
1560.000	10.000	255.859	0.261
1570.000	10.000	265.625	0.251
1580.000	10.000	265.625	0.251
1590.000	10.000	265.625	0.251
1600.000	10.000	333.984	0.266
1610.000	10.000	333.984	0.266
1620.000	10.000	333.984	0.266
1630.000	10.000	353.516	0.268
1640.000	10.000	353.516	0.268
1650.000	10.000	353.516	0.268
1660.000	10.000	318.359	0.297
1670.000	10.000	318.359	0.297
1680.000	10.000	318.359	0.297
1690.000	10.000	359.375	0.265
1700.000	10.000	359.375	0.265
1710.000	10.000	359.375	0.265
1720.000	10.000	410.156	0.257
1730.000	10.000	410.156	0.257
1740.000	10.000	410.156	0.257
1750.000	10.000	388.672	0.260
1760.000	10.000	388.672	0.260
1770.000	10.000	388.672	0.260
1780.000	10.000	449.219	0.279
1790.000	10.000	449.219	0.279
1800.000	10.000	449.219	0.279
1810.000	10.000	427.734	0.277
1820.000	10.000	427.734	0.277
1830.000	10.000	427.734	0.277
1840.000	10.000	431.641	0.273
1850.000	10.000	431.641	0.273
1860.000	10.000	431.641	0.273
1870.000	10.000	472.656	0.262
1880.000	10.000	472.656	0.262
1890.000	10.000	472.656	0.262
1900.000	10.000	548.828	0.280
1910.000	10.000	548.828	0.280
1920.000	10.000	548.828	0.280
1930.000	10.000	513.672	0.269
1940.000	10.000	513.672	0.269
1950.000	10.000	513.672	0.269
1960.000	10.000	515.625	0.257
1970.000	10.000	515.625	0.257
1980.000	10.000	515.625	0.257
1990.000	10.000	558.594	0.263
2000.000	10.000	558.594	0.263
2010.000	10.000	558.594	0.263
2020.000	10.000	576.172	0.260
2030.000	10.000	576.172	0.260
2040.000	10.000	576.172	0.260
2050.000	10.000	576.172	0.271
2060.000	10.000	576.172	0.271
2070.000	10.000	576.172	0.271
2080.000	10.000	591.797	0.281
2090.000	10.000	591.797	0.281
2100.000	10.000	591.797	0.281
2110.000	10.000	595.703	0.247
2120.000	10.000	595.703	0.247
2130.000	10.000	595.703	0.247
2140.000	10.000	611.328	0.278
2150.000	10.000	611.328	0.278
2160.000	10.000	611.328	0.278
2170.000	10.000	666.016	0.264
2180.000	10.000	666.016	0.264
2190.000	10.000	666.016	0.264
2200.000	10.000	677.734	0.289
2210.000	10.000	677.734	0.289
2220.000	10.000	677.734	0.289
2230.000	10.000	695.312	0.262
2240.000	10.000	695.312	0.262
2250.000	10.000	695.312	0.262
2260.000	10.000	728.516	0.250
2270.000	10.000	728.516	0.250
2280.000	10.000	728.516	0.250
2290.000	10.000	746.094	0.269
2300.000	10.000	746.094	0.269
2310.000	10.000	746.094	0.269
2320.000	10.000	755.859	0.252
2330.000	10.000	755.859	0.252
2340.000	10.000	755.859	0.252
2350.000	10.000	757.812	0.270
2360.000	10.000	757.812	0.270
2370.000	10.000	757.812	0.270
2380.000	10.000	814.453	0.282
2390.000	10.000	814.453	0.282
2400.000	10.000	814.453	0.282
2410.000	10.000	796.875	0.289
2420.000	10.000	796.875	0.289
2430.000	10.000	796.875	0.289
2440.000	10.000	814.453	0.256
2450.000	10.000	814.453	0.256
2460.000	10.000	814.453	0.256
2470.000	10.000	800.781	0.267
2480.000	10.000	800.781	0.267
2490.000	10.000	800.781	0.267
2500.000	10.000	828.125	0.272
2510.000	10.000	828.125	0.272
2520.000	10.000	828.125	0.272
2530.000	10.000	849.609	0.264
2540.000	10.000	849.609	0.264
2550.000	10.000	849.609	0.264
2560.000	10.000	873.047	0.280
2570.000	10.000	873.047	0.280
2580.000	10.000	873.047	0.280
2590.000	10.000	904.297	0.275
2600.000	10.000	904.297	0.275
2610.000	10.000	904.297	0.275
2620.000	10.000	906.250	0.281
2630.000	10.000	906.250	0.281
2640.000	10.000	906.250	0.281
2650.000	10.000	910.156	0.274
2660.000	10.000	910.156	0.274
2670.000	10.000	910.156	0.274
2680.000	10.000	945.312	0.260
2690.000	10.000	945.312	0.260
2700.000	10.000	945.312	0.260
2710.000	10.000	986.328	0.260
2720.000	10.000	986.328	0.260
2730.000	10.000	986.328	0.260
2740.000	10.000	953.125	0.270
2750.000	10.000	953.125	0.270
2760.000	10.000	953.125	0.270
2770.000	10.000	1000.000	0.254
2780.000	10.000	1000.000	0.254
2790.000	10.000	1000.000	0.254
2800.000	10.000	1000.000	0.293
2810.000	10.000	1000.000	0.293
2820.000	10.000	1000.000	0.293
2830.000	10.000	1019.531	0.272
2840.000	10.000	1019.531	0.272
2850.000	10.000	1019.531	0.272
2860.000	10.000	1068.359	0.287
2870.000	10.000	1068.359	0.287
2880.000	10.000	1068.359	0.287
2890.000	10.000	1074.219	0.281
2900.000	10.000	1074.219	0.281
2910.000	10.000	1074.219	0.281
2920.000	10.000	1066.406	0.262
2930.000	10.000	1066.406	0.262
2940.000	10.000	1066.406	0.262
2950.000	10.000	1080.078	0.276
2960.000	10.000	1080.078	0.276
2970.000	10.000	1080.078	0.276
2980.000	10.000	1085.937	0.256
2990.000	10.000	1085.937	0.256
3000.000	10.000	1085.937	0.256
3010.000	10.000	1103.516	0.277
3020.000	10.000	1103.516	0.277
3030.000	10.000	1103.516	0.277
3040.000	10.000	1162.109	0.267
3050.000	10.000	1162.109	0.267
3060.000	10.000	1162.109	0.267
3070.000	10.000	1156.250	0.264
3080.000	10.000	1156.250	0.264
3090.000	10.000	1156.250	0.264
3100.000	10.000	1201.172	0.277
3110.000	10.000	1201.172	0.277
3120.000	10.000	1201.172	0.277
3130.000	10.000	1203.125	0.276
3140.000	10.000	1203.125	0.276
3150.000	10.000	1203.125	0.276
3160.000	10.000	1205.078	0.271
3170.000	10.000	1205.078	0.271
3180.000	10.000	1205.078	0.271
3190.000	10.000	1226.562	0.274
3200.000	10.000	1226.562	0.274
3210.000	10.000	1226.562	0.274
3220.000	10.000	1222.656	0.284
3230.000	10.000	1222.656	0.284
3240.000	10.000	1222.656	0.284
3250.000	10.000	1285.156	0.280
3260.000	10.000	1285.156	0.280
3270.000	10.000	1285.156	0.280
3280.000	10.000	1271.484	0.277
3290.000	10.000	1271.484	0.277
3300.000	10.000	1271.484	0.277
3310.000	10.000	1298.828	0.286
3320.000	10.000	1298.828	0.286
3330.000	10.000	1298.828	0.286
3340.000	10.000	1292.969	0.276
3350.000	10.000	1292.969	0.276
3360.000	10.000	1292.969	0.276
3370.000	10.000	1322.266	0.261
3380.000	10.000	1322.266	0.261
3390.000	10.000	1322.266	0.261
3400.000	10.000	1335.937	0.281
3410.000	10.000	1335.937	0.281
3420.000	10.000	1335.937	0.281
3430.000	10.000	1337.891	0.278
3440.000	10.000	1337.891	0.278
3450.000	10.000	1337.891	0.278
3460.000	10.000	1361.328	0.274
3470.000	10.000	1361.328	0.274
3480.000	10.000	1361.328	0.274
3490.000	10.000	1400.391	0.264
3500.000	10.000	1400.391	0.264
3510.000	10.000	1400.391	0.264
3520.000	10.000	1378.906	0.268
3530.000	10.000	1378.906	0.268
3540.000	10.000	1378.906	0.268
3550.000	10.000	1396.484	0.273
3560.000	10.000	1396.484	0.273
3570.000	10.000	1396.484	0.273
3580.000	10.000	1404.297	0.278
3590.000	10.000	1404.297	0.278
3600.000	10.000	1404.297	0.278
3610.000	10.000	1464.844	0.250
3620.000	10.000	1464.844	0.250
3630.000	10.000	1464.844	0.250
3640.000	10.000	1466.797	0.266
3650.000	10.000	1466.797	0.266
3660.000	10.000	1466.797	0.266
3670.000	10.000	1511.719	0.256
3680.000	10.000	1511.719	0.256
3690.000	10.000	1511.719	0.256
3700.000	10.000	1492.187	0.253
3710.000	10.000	1492.187	0.253
3720.000	10.000	1492.187	0.253
3730.000	10.000	1501.953	0.274
3740.000	10.000	1501.953	0.274
3750.000	10.000	1501.953	0.274
3760.000	10.000	1542.969	0.257
3770.000	10.000	1542.969	0.257
3780.000	10.000	1542.969	0.257
3790.000	10.000	1572.266	0.278
3800.000	10.000	1572.266	0.278
3810.000	10.000	1572.266	0.278
3820.000	10.000	1578.125	0.268
3830.000	10.000	1578.125	0.268
3840.000	10.000	1578.125	0.268
3850.000	10.000	1556.641	0.282
3860.000	10.000	1556.641	0.282
3870.000	10.000	1556.641	0.282
3880.000	10.000	1605.469	0.270
3890.000	10.000	1605.469	0.270
3900.000	10.000	1605.469	0.270
3910.000	10.000	1628.906	0.268
3920.000	10.000	1628.906	0.268
3930.000	10.000	1628.906	0.268
3940.000	10.000	1587.891	0.271
3950.000	10.000	1587.891	0.271
3960.000	10.000	1587.891	0.271
3970.000	10.000	1660.156	0.265
3980.000	10.000	1660.156	0.265
3990.000	10.000	1660.156	0.265
4000.000	10.000	1630.859	0.276
4010.000	10.000	1630.859	0.276
4020.000	10.000	1630.859	0.276
4030.000	10.000	1699.219	0.277
4040.000	10.000	1699.219	0.277
4050.000	10.000	1699.219	0.277
4060.000	10.000	1683.594	0.265
4070.000	10.000	1683.594	0.265
4080.000	10.000	1683.594	0.265
4090.000	10.000	1695.312	0.284
4100.000	10.000	1695.312	0.284
4110.000	10.000	1695.312	0.284
4120.000	10.000	1687.500	0.281
4130.000	10.000	1687.500	0.281
4140.000	10.000	1687.500	0.281
4150.000	10.000	1691.406	0.274
4160.000	10.000	1691.406	0.274
4170.000	10.000	1691.406	0.274
4180.000	10.000	1720.703	0.272
4190.000	10.000	1720.703	0.272
4200.000	10.000	1720.703	0.272
4210.000	10.000	1753.906	0.278
4220.000	10.000	1753.906	0.278
4230.000	10.000	1753.906	0.278
4240.000	10.000	1791.016	0.263
4250.000	10.000	1791.016	0.263
4260.000	10.000	1791.016	0.263
4270.000	10.000	1789.062	0.255
4280.000	10.000	1789.062	0.255
4290.000	10.000	1789.062	0.255
4300.000	10.000	1806.641	0.274
4310.000	10.000	1806.641	0.274
4320.000	10.000	1806.641	0.274
4330.000	10.000	1798.828	0.257
4340.000	10.000	1798.828	0.257
4350.000	10.000	1798.828	0.257
4360.000	10.000	1822.266	0.255
4370.000	10.000	1822.266	0.255
4380.000	10.000	1822.266	0.255
4390.000	10.000	1845.703	0.248
4400.000	10.000	1845.703	0.248
4410.000	10.000	1845.703	0.248
4420.000	10.000	1873.047	0.263
4430.000	10.000	1873.047	0.263
4440.000	10.000	1873.047	0.263
4450.000	10.000	1884.766	0.269
4460.000	10.000	1884.766	0.269
4470.000	10.000	1884.766	0.269
4480.000	10.000	1871.094	0.277
4490.000	10.000	1871.094	0.277
4500.000	10.000	1871.094	0.277
4510.000	10.000	1869.141	0.252
4520.000	10.000	1869.141	0.252
4530.000	10.000	1869.141	0.252
4540.000	10.000	1914.062	0.274
4550.000	10.000	1914.062	0.274
4560.000	10.000	1914.062	0.274
4570.000	10.000	1925.781	0.276
4580.000	10.000	1925.781	0.276
4590.000	10.000	1925.781	0.276
4600.000	10.000	1966.797	0.259
4610.000	10.000	1966.797	0.259
4620.000	10.000	1966.797	0.259
4630.000	10.000	1976.562	0.255
4640.000	10.000	1976.562	0.255
4650.000	10.000	1976.562	0.255
4660.000	10.000	1984.375	0.276
4670.000	10.000	1984.375	0.276
4680.000	10.000	1984.375	0.276
4690.000	10.000	2013.672	0.263
4700.000	10.000	2013.672	0.263
4710.000	10.000	2013.672	0.263
4720.000	10.000	2000.000	0.274
4730.000	10.000	2000.000	0.274
4740.000	10.000	2000.000	0.274
4750.000	10.000	2015.625	0.279
4760.000	10.000	2015.625	0.279
4770.000	10.000	2015.625	0.279
4780.000	10.000	2021.484	0.269
4790.000	10.000	2021.484	0.269
4800.000	10.000	2021.484	0.269
4810.000	10.000	2054.687	0.266
4820.000	10.000	2054.687	0.266
4830.000	10.000	2054.687	0.266
4840.000	10.000	2062.500	0.286
4850.000	10.000	2062.500	0.286
4860.000	10.000	2062.500	0.286
4870.000	10.000	2074.219	0.252
4880.000	10.000	2074.219	0.252
4890.000	10.000	2074.219	0.252
4900.000	10.000	2060.547	0.276
4910.000	10.000	2060.547	0.276
4920.000	10.000	2060.547	0.276
4930.000	10.000	2121.094	0.284
4940.000	10.000	2121.094	0.284
4950.000	10.000	2121.094	0.284
4960.000	10.000	2091.797	0.277
4970.000	10.000	2091.797	0.277
4980.000	10.000	2091.797	0.277
4990.000	10.000	2115.234	0.287
5000.000	10.000	2115.234	0.287
5010.000	10.000	2115.234	0.287
5020.000	10.000	2121.094	0.257
5030.000	10.000	2121.094	0.257
5040.000	10.000	2121.094	0.257
5050.000	10.000	2167.969	0.279
5060.000	10.000	2167.969	0.279
5070.000	10.000	2167.969	0.279
5080.000	10.000	2167.969	0.281
5090.000	10.000	2167.969	0.281
5100.000	10.000	2167.969	0.281
5110.000	10.000	2193.359	0.271
5120.000	10.000	2193.359	0.271
5130.000	10.000	2193.359	0.271
5140.000	10.000	2189.453	0.264
5150.000	10.000	2189.453	0.264
5160.000	10.000	2189.453	0.264
5170.000	10.000	2224.609	0.266
5180.000	10.000	2224.609	0.266
5190.000	10.000	2224.609	0.266
5200.000	10.000	2195.312	0.277
5210.000	10.000	2195.312	0.277
5220.000	10.000	2195.312	0.277
5230.000	10.000	2228.516	0.265
5240.000	10.000	2228.516	0.265
5250.000	10.000	2228.516	0.265
5260.000	10.000	2248.047	0.266
5270.000	10.000	2248.047	0.266
5280.000	10.000	2248.047	0.266
5290.000	10.000	2257.812	0.245
5300.000	10.000	2257.812	0.245
5310.000	10.000	2257.812	0.245
5320.000	10.000	2273.437	0.294
5330.000	10.000	2273.437	0.294
5340.000	10.000	2273.437	0.294
5350.000	10.000	2281.250	0.263
5360.000	10.000	2281.250	0.263
5370.000	10.000	2281.250	0.263
5380.000	10.000	2294.922	0.294
5390.000	10.000	2294.922	0.294
5400.000	10.000	2294.922	0.294
5410.000	10.000	2291.016	0.275
5420.000	10.000	2291.016	0.275
5430.000	10.000	2291.016	0.275
5440.000	10.000	2294.922	0.275
5450.000	10.000	2294.922	0.275
5460.000	10.000	2294.922	0.275
5470.000	10.000	2349.609	0.276
5480.000	10.000	2349.609	0.276
5490.000	10.000	2349.609	0.276
5500.000	10.000	2335.937	0.250
5510.000	10.000	2335.937	0.250
5520.000	10.000	2335.937	0.250
5530.000	10.000	2369.141	0.272
5540.000	10.000	2369.141	0.272
5550.000	10.000	2369.141	0.272
5560.000	10.000	2365.234	0.261
5570.000	10.000	2365.234	0.261
5580.000	10.000	2365.234	0.261
5590.000	10.000	2406.250	0.283
5600.000	10.000	2406.250	0.283
5610.000	10.000	2406.250	0.283
5620.000	10.000	2400.391	0.254
5630.000	10.000	2400.391	0.254
5640.000	10.000	2400.391	0.254
5650.000	10.000	2425.781	0.269
5660.000	10.000	2425.781	0.269
5670.000	10.000	2425.781	0.269
5680.000	10.000	2443.359	0.275
5690.000	10.000	2443.359	0.275
5700.000	10.000	2443.359	0.275
5710.000	10.000	2447.266	0.270
5720.000	10.000	2447.266	0.270
5730.000	10.000	2447.266	0.270
5740.000	10.000	2472.656	0.267
5750.000	10.000	2472.656	0.267
5760.000	10.000	2472.656	0.267
5770.000	10.000	2453.125	0.288
5780.000	10.000	2453.125	0.288
5790.000	10.000	2453.125	0.288
5800.000	10.000	2455.078	0.284
5810.000	10.000	2455.078	0.284
5820.000	10.000	2455.078	0.284
5830.000	10.000	2517.578	0.279
5840.000	10.000	2517.578	0.279
5850.000	10.000	2517.578	0.279
5860.000	10.000	2521.484	0.280
5870.000	10.000	2521.484	0.280
5880.000	10.000	2521.484	0.280
5890.000	10.000	2513.672	0.285
5900.000	10.000	2513.672	0.285
5910.000	10.000	2513.672	0.285
5920.000	10.000	2527.344	0.261
5930.000	10.000	2527.344	0.261
5940.000	10.000	2527.344	0.261
5950.000	10.000	2564.453	0.256
5960.000	10.000	2564.453	0.256
5970.000	10.000	2564.453	0.256
5980.000	10.000	2519.531	0.282
5990.000	10.000	2519.531	0.282
6000.000	10.000	2519.531	0.282
6010.000	10.000	2558.594	0.256
6020.000	10.000	2558.594	0.256
6030.000	10.000	2558.594	0.256
6040.000	10.000	2566.406	0.240
6050.000	10.000	2566.406	0.240
6060.000	10.000	2566.406	0.240
6070.000	10.000	2576.172	0.262
6080.000	10.000	2576.172	0.262
6090.000	10.000	2576.172	0.262
6100.000	10.000	2595.703	0.110
6110.000	10.000	2595.703	0.110
6120.000	10.000	2595.703	0.110
6130.000	10.000	2572.266	0.020
6140.000	10.000	2572.266	0.020
6150.000	10.000	2572.266	0.020
6160.000	10.000	2554.687	-0.002
6170.000	10.000	2554.687	-0.002
6180.000	10.000	2554.687	-0.002
6190.000	10.000	2527.344	-0.028
6200.000	10.000	2527.344	-0.028
6210.000	10.000	2527.344	-0.028
6220.000	10.000	2556.641	-0.016
6230.000	10.000	2556.641	-0.016
6240.000	10.000	2556.641	-0.016
6250.000	10.000	2525.391	-0.025
6260.000	10.000	2525.391	-0.025
6270.000	10.000	2525.391	-0.025
6280.000	10.000	2529.297	-0.017
6290.000	10.000	2529.297	-0.017
6300.000	10.000	2529.297	-0.017
6310.000	10.000	2521.484	-0.018
6320.000	10.000	2521.484	-0.018
6330.000	10.000	2521.484	-0.018
6340.000	10.000	2496.094	-0.033
6350.000	10.000	2496.094	-0.033
6360.000	10.000	2496.094	-0.033
6370.000	10.000	2486.328	-0.019
6380.000	10.000	2486.328	-0.019
6390.000	10.000	2486.328	-0.019
6400.000	10.000	2453.125	-0.021
6410.000	10.000	2453.125	-0.021
6420.000	10.000	2453.125	-0.021
6430.000	10.000	2474.609	-0.046
6440.000	10.000	2474.609	-0.046
6450.000	10.000	2474.609	-0.046
6460.000	10.000	2453.125	-0.028
6470.000	10.000	2453.125	-0.028
6480.000	10.000	2453.125	-0.028
6490.000	10.000	2449.219	-0.031
6500.000	10.000	2449.219	-0.031
6510.000	10.000	2449.219	-0.031
6520.000	10.000	2421.875	-0.050
6530.000	10.000	2421.875	-0.050
6540.000	10.000	2421.875	-0.050
6550.000	10.000	2404.297	-0.039
6560.000	10.000	2404.297	-0.039
6570.000	10.000	2404.297	-0.039
6580.000	10.000	2396.484	-0.034
6590.000	10.000	2396.484	-0.034
6600.000	10.000	2396.484	-0.034
6610.000	10.000	2378.906	-0.036
6620.000	10.000	2378.906	-0.036
6630.000	10.000	2378.906	-0.036
6640.000	10.000	2365.234	-0.032
6650.000	10.000	2365.234	-0.032
6660.000	10.000	2365.234	-0.032
6670.000	10.000	2345.703	-0.020
6680.000	10.000	2345.703	-0.020
6690.000	10.000	2345.703	-0.020
6700.000	10.000	2318.359	-0.020
6710.000	10.000	2318.359	-0.020
6720.000	10.000	2318.359	-0.020
6730.000	10.000	2339.844	-0.006
6740.000	10.000	2339.844	-0.006
6750.000	10.000	2339.844	-0.006
6760.000	10.000	2320.312	-0.013
6770.000	10.000	2320.312	-0.013
6780.000	10.000	2320.312	-0.013
6790.000	10.000	2291.016	-0.031
6800.000	10.000	2291.016	-0.031
6810.000	10.000	2291.016	-0.031
6820.000	10.000	2308.594	-0.014
6830.000	10.000	2308.594	-0.014
6840.000	10.000	2308.594	-0.014
6850.000	10.000	2273.437	-0.026
6860.000	10.000	2273.437	-0.026
6870.000	10.000	2273.437	-0.026
6880.000	10.000	2267.578	-0.029
6890.000	10.000	2267.578	-0.029
6900.000	10.000	2267.578	-0.029
6910.000	10.000	2242.187	-0.036
6920.000	10.000	2242.187	-0.036
6930.000	10.000	2242.187	-0.036
6940.000	10.000	2250.000	-0.024
6950.000	10.000	2250.000	-0.024
6960.000	10.000	2250.000	-0.024
6970.000	10.000	2212.891	-0.043
6980.000	10.000	2212.891	-0.043
6990.000	10.000	2212.891	-0.043
7000.000	10.000	2205.078	-0.007
7010.000	10.000	2205.078	-0.007
7020.000	10.000	2205.078	-0.007
