%Time [ms]	Commanded Torque [mNm]	Angular Velocity [RPM]	Actual Current [Amp]	%2/10/20261:30 PM
0.000	0.000	0.000	0.000
20.000	15.000	-17.578	-0.027
30.000	15.000	-31.250	-0.031
40.000	15.000	-31.250	-0.031
50.000	15.000	-31.250	-0.031
60.000	15.000	-33.203	-0.012
70.000	15.000	-33.203	-0.012
80.000	15.000	-33.203	-0.012
90.000	15.000	-11.719	-0.032
100.000	15.000	-11.719	-0.032
110.000	15.000	-11.719	-0.032
120.000	15.000	3.906	-0.031
130.000	15.000	3.906	-0.031
140.000	15.000	3.906	-0.031
150.000	15.000	1.953	-0.034
160.000	15.000	1.953	-0.034
170.000	15.000	1.953	-0.034
180.000	15.000	-3.906	-0.009
190.000	15.000	-3.906	-0.009
200.000	15.000	-3.906	-0.009
210.000	15.000	-5.859	-0.001
220.000	15.000	-5.859	-0.001
230.000	15.000	-5.859	-0.001
240.000	15.000	-11.719	-0.008
250.000	15.000	-11.719	-0.008
260.000	15.000	-11.719	-0.008
270.000	15.000	-21.484	-0.001
280.000	15.000	-21.484	-0.001
290.000	15.000	-21.484	-0.001
300.000	15.000	-5.859	-0.025
310.000	15.000	-5.859	-0.025
320.000	15.000	-5.859	-0.025
330.000	15.000	-17.578	-0.019
340.000	15.000	-17.578	-0.019
350.000	15.000	-17.578	-0.019
360.000	15.000	-15.625	-0.030
370.000	15.000	-15.625	-0.030
380.000	15.000	-15.625	-0.030
390.000	15.000	-7.812	-0.016
400.000	15.000	-7.812	-0.016
410.000	15.000	-7.812	-0.016
420.000	15.000	-1.953	-0.015
430.000	15.000	-1.953	-0.015
440.000	15.000	-1.953	-0.015
450.000	15.000	-11.719	-0.035
460.000	15.000	-11.719	-0.035
470.000	15.000	-11.719	-0.035
480.000	15.000	-33.203	-0.024
490.000	15.000	-33.203	-0.024
500.000	15.000	-33.203	-0.024
510.000	15.000	-54.687	-0.022
520.000	15.000	-54.687	-0.022
530.000	15.000	-54.687	-0.022
540.000	15.000	-42.969	-0.027
550.000	15.000	-42.969	-0.027
560.000	15.000	-42.969	-0.027
570.000	15.000	-1.953	-0.035
580.000	15.000	-1.953	-0.035
590.000	15.000	-1.953	-0.035
600.000	15.000	-44.922	-0.038
610.000	15.000	-44.922	-0.038
620.000	15.000	-44.922	-0.038
630.000	15.000	-13.672	-0.021
640.000	15.000	-13.672	-0.021
650.000	15.000	-13.672	-0.021
660.000	15.000	-29.297	-0.014
670.000	15.000	-29.297	-0.014
680.000	15.000	-29.297	-0.014
690.000	15.000	-3.906	-0.016
700.000	15.000	-3.906	-0.016
710.000	15.000	-3.906	-0.016
720.000	15.000	-9.766	-0.006
730.000	15.000	-9.766	-0.006
740.000	15.000	-9.766	-0.006
750.000	15.000	1.953	-0.014
760.000	15.000	1.953	-0.014
770.000	15.000	1.953	-0.014
780.000	15.000	-41.016	-0.020
790.000	15.000	-41.016	-0.020
800.000	15.000	-41.016	-0.020
810.000	15.000	-50.781	-0.032
820.000	15.000	-50.781	-0.032
830.000	15.000	-50.781	-0.032
840.000	15.000	0.000	-0.014
850.000	15.000	0.000	-0.014
860.000	15.000	0.000	-0.014
870.000	15.000	-25.391	-0.019
880.000	15.000	-25.391	-0.019
890.000	15.000	-25.391	-0.019
900.000	15.000	0.000	-0.013
910.000	15.000	0.000	-0.013
920.000	15.000	0.000	-0.013
930.000	15.000	-29.297	-0.006
940.000	15.000	-29.297	-0.006
950.000	15.000	-29.297	-0.006
960.000	15.000	-11.719	-0.021
970.000	15.000	-11.719	-0.021
980.000	15.000	-11.719	-0.021
990.000	15.000	-37.109	-0.048
1000.000	15.000	-37.109	-0.048
1010.000	15.000	-37.109	-0.048
1020.000	15.000	-3.906	-0.011
1030.000	15.000	-3.906	-0.011
1040.000	15.000	-3.906	-0.011
1050.000	15.000	0.000	-0.007
1060.000	15.000	0.000	-0.007
1070.000	15.000	0.000	-0.007
1080.000	15.000	-50.781	-0.014
1090.000	15.000	-50.781	-0.014
1100.000	15.000	-50.781	-0.014
1110.000	15.000	-41.016	0.202
1120.000	15.000	-41.016	0.202
1130.000	15.000	-41.016	0.202
1140.000	15.000	-19.531	0.345
1150.000	15.000	-19.531	0.345
1160.000	15.000	-19.531	0.345
1170.000	15.000	46.875	0.402
1180.000	15.000	46.875	0.402
1190.000	15.000	46.875	0.402
1200.000	15.000	44.922	0.429
1210.000	15.000	44.922	0.429
1220.000	15.000	44.922	0.429
1230.000	15.000	87.891	0.437
1240.000	15.000	87.891	0.437
1250.000	15.000	87.891	0.437
1260.000	15.000	105.469	0.424
1270.000	15.000	105.469	0.424
1280.000	15.000	105.469	0.424
1290.000	15.000	179.687	0.405
1300.000	15.000	179.687	0.405
1310.000	15.000	179.687	0.405
1320.000	15.000	171.875	0.409
1330.000	15.000	171.875	0.409
1340.000	15.000	171.875	0.409
1350.000	15.000	248.047	0.428
1360.000	15.000	248.047	0.428
1370.000	15.000	248.047	0.428
1380.000	15.000	279.297	0.410
1390.000	15.000	279.297	0.410
1400.000	15.000	279.297	0.410
1410.000	15.000	312.500	0.410
1420.000	15.000	312.500	0.410
1430.000	15.000	312.500	0.410
1440.000	15.000	345.703	0.438
1450.000	15.000	345.703	0.438
1460.000	15.000	345.703	0.438
1470.000	15.000	402.344	0.448
1480.000	15.000	402.344	0.448
1490.000	15.000	402.344	0.448
1500.000	15.000	414.062	0.437
1510.000	15.000	414.062	0.437
1520.000	15.000	414.062	0.437
1530.000	15.000	427.734	0.429
1540.000	15.000	427.734	0.429
1550.000	15.000	427.734	0.429
1560.000	15.000	501.953	0.412
1570.000	15.000	501.953	0.412
1580.000	15.000	501.953	0.412
1590.000	15.000	527.344	0.409
1600.000	15.000	527.344	0.409
1610.000	15.000	527.344	0.409
1620.000	15.000	535.156	0.437
1630.000	15.000	535.156	0.437
1640.000	15.000	535.156	0.437
1650.000	15.000	589.844	0.426
1660.000	15.000	589.844	0.426
1670.000	15.000	589.844	0.426
1680.000	15.000	634.766	0.417
1690.000	15.000	634.766	0.417
1700.000	15.000	634.766	0.417
1710.000	15.000	658.203	0.426
1720.000	15.000	658.203	0.426
1730.000	15.000	658.203	0.426
1740.000	15.000	677.734	0.421
1750.000	15.000	677.734	0.421
1760.000	15.000	677.734	0.421
1770.000	15.000	708.984	0.429
1780.000	15.000	708.984	0.429
1790.000	15.000	708.984	0.429
1800.000	15.000	703.125	0.434
1810.000	15.000	703.125	0.434
1820.000	15.000	703.125	0.434
1830.000	15.000	767.578	0.418
1840.000	15.000	767.578	0.418
1850.000	15.000	767.578	0.418
1860.000	15.000	810.547	0.416
1870.000	15.000	810.547	0.416
1880.000	15.000	810.547	0.416
1890.000	15.000	818.359	0.430
1900.000	15.000	818.359	0.430
1910.000	15.000	818.359	0.430
1920.000	15.000	865.234	0.426
1930.000	15.000	865.234	0.426
1940.000	15.000	865.234	0.426
1950.000	15.000	898.437	0.431
1960.000	15.000	898.437	0.431
1970.000	15.000	898.437	0.431
1980.000	15.000	931.641	0.415
1990.000	15.000	931.641	0.415
2000.000	15.000	931.641	0.415
2010.000	15.000	923.828	0.429
2020.000	15.000	923.828	0.429
2030.000	15.000	923.828	0.429
2040.000	15.000	992.187	0.444
2050.000	15.000	992.187	0.444
2060.000	15.000	992.187	0.444
2070.000	15.000	994.141	0.425
2080.000	15.000	994.141	0.425
2090.000	15.000	994.141	0.425
2100.000	15.000	1052.734	0.408
2110.000	15.000	1052.734	0.408
2120.000	15.000	1052.734	0.408
2130.000	15.000	1083.984	0.436
2140.000	15.000	1083.984	0.436
2150.000	15.000	1083.984	0.436
2160.000	15.000	1119.141	0.423
2170.000	15.000	1119.141	0.423
2180.000	15.000	1119.141	0.423
2190.000	15.000	1156.250	0.433
2200.000	15.000	1156.250	0.433
2210.000	15.000	1156.250	0.433
2220.000	15.000	1177.734	0.428
2230.000	15.000	1177.734	0.428
2240.000	15.000	1177.734	0.428
2250.000	15.000	1222.656	0.410
2260.000	15.000	1222.656	0.410
2270.000	15.000	1222.656	0.410
2280.000	15.000	1207.031	0.441
2290.000	15.000	1207.031	0.441
2300.000	15.000	1207.031	0.441
2310.000	15.000	1281.250	0.428
2320.000	15.000	1281.250	0.428
2330.000	15.000	1281.250	0.428
2340.000	15.000	1300.781	0.434
2350.000	15.000	1300.781	0.434
2360.000	15.000	1300.781	0.434
2370.000	15.000	1322.266	0.424
2380.000	15.000	1322.266	0.424
2390.000	15.000	1322.266	0.424
2400.000	15.000	1380.859	0.437
2410.000	15.000	1380.859	0.437
2420.000	15.000	1380.859	0.437
2430.000	15.000	1378.906	0.441
2440.000	15.000	1378.906	0.441
2450.000	15.000	1378.906	0.441
2460.000	15.000	1417.969	0.410
2470.000	15.000	1417.969	0.410
2480.000	15.000	1417.969	0.410
2490.000	15.000	1445.312	0.425
2500.000	15.000	1445.312	0.425
2510.000	15.000	1445.312	0.425
2520.000	15.000	1486.328	0.434
2530.000	15.000	1486.328	0.434
2540.000	15.000	1486.328	0.434
2550.000	15.000	1521.484	0.442
2560.000	15.000	1521.484	0.442
2570.000	15.000	1521.484	0.442
2580.000	15.000	1519.531	0.423
2590.000	15.000	1519.531	0.423
2600.000	15.000	1519.531	0.423
2610.000	15.000	1576.172	0.434
2620.000	15.000	1576.172	0.434
2630.000	15.000	1576.172	0.434
2640.000	15.000	1630.859	0.408
2650.000	15.000	1630.859	0.408
2660.000	15.000	1630.859	0.408
2670.000	15.000	1626.953	0.444
2680.000	15.000	1626.953	0.444
2690.000	15.000	1626.953	0.444
2700.000	15.000	1654.297	0.438
2710.000	15.000	1654.297	0.438
2720.000	15.000	1654.297	0.438
2730.000	15.000	1658.203	0.428
2740.000	15.000	1658.203	0.428
2750.000	15.000	1658.203	0.428
2760.000	15.000	1673.828	0.427
2770.000	15.000	1673.828	0.427
2780.000	15.000	1673.828	0.427
2790.000	15.000	1722.656	0.425
2800.000	15.000	1722.656	0.425
2810.000	15.000	1722.656	0.425
2820.000	15.000	1759.766	0.427
2830.000	15.000	1759.766	0.427
2840.000	15.000	1759.766	0.427
2850.000	15.000	1787.109	0.417
2860.000	15.000	1787.109	0.417
2870.000	15.000	1787.109	0.417
2880.000	15.000	1816.406	0.428
2890.000	15.000	1816.406	0.428
2900.000	15.000	1816.406	0.428
2910.000	15.000	1845.703	0.442
2920.000	15.000	1845.703	0.442
2930.000	15.000	1845.703	0.442
2940.000	15.000	1878.906	0.435
2950.000	15.000	1878.906	0.435
2960.000	15.000	1878.906	0.435
2970.000	15.000	1945.312	0.421
2980.000	15.000	1945.312	0.421
2990.000	15.000	1945.312	0.421
3000.000	15.000	1976.562	0.404
3010.000	15.000	1976.562	0.404
3020.000	15.000	1976.562	0.404
3030.000	15.000	1976.562	0.439
3040.000	15.000	1976.562	0.439
3050.000	15.000	1976.562	0.439
3060.000	15.000	1949.219	0.421
3070.000	15.000	1949.219	0.421
3080.000	15.000	1949.219	0.421
3090.000	15.000	2001.953	0.427
3100.000	15.000	2001.953	0.427
3110.000	15.000	2001.953	0.427
3120.000	15.000	2041.016	0.432
3130.000	15.000	2041.016	0.432
3140.000	15.000	2041.016	0.432
3150.000	15.000	2070.312	0.395
3160.000	15.000	2070.312	0.395
3170.000	15.000	2070.312	0.395
3180.000	15.000	2062.500	0.432
3190.000	15.000	2062.500	0.432
3200.000	15.000	2062.500	0.432
3210.000	15.000	2154.297	0.435
3220.000	15.000	2154.297	0.435
3230.000	15.000	2154.297	0.435
3240.000	15.000	2156.250	0.421
3250.000	15.000	2156.250	0.421
3260.000	15.000	2156.250	0.421
3270.000	15.000	2185.547	0.430
3280.000	15.000	2185.547	0.430
3290.000	15.000	2185.547	0.430
3300.000	15.000	2171.875	0.431
3310.000	15.000	2171.875	0.431
3320.000	15.000	2171.875	0.431
3330.000	15.000	2214.844	0.427
3340.000	15.000	2214.844	0.427
3350.000	15.000	2214.844	0.427
3360.000	15.000	2271.484	0.432
3370.000	15.000	2271.484	0.432
3380.000	15.000	2271.484	0.432
3390.000	15.000	2283.203	0.424
3400.000	15.000	2283.203	0.424
3410.000	15.000	2283.203	0.424
3420.000	15.000	2269.531	0.432
3430.000	15.000	2269.531	0.432
3440.000	15.000	2269.531	0.432
3450.000	15.000	2339.844	0.418
3460.000	15.000	2339.844	0.418
3470.000	15.000	2339.844	0.418
3480.000	15.000	2355.469	0.432
3490.000	15.000	2355.469	0.432
3500.000	15.000	2355.469	0.432
3510.000	15.000	2380.859	0.423
3520.000	15.000	2380.859	0.423
3530.000	15.000	2380.859	0.423
3540.000	15.000	2394.531	0.435
3550.000	15.000	2394.531	0.435
3560.000	15.000	2394.531	0.435
3570.000	15.000	2412.109	0.418
3580.000	15.000	2412.109	0.418
3590.000	15.000	2412.109	0.418
3600.000	15.000	2439.453	0.421
3610.000	15.000	2439.453	0.421
3620.000	15.000	2439.453	0.421
3630.000	15.000	2550.781	0.426
3640.000	15.000	2550.781	0.426
3650.000	15.000	2550.781	0.426
3660.000	15.000	2519.531	0.438
3670.000	15.000	2519.531	0.438
3680.000	15.000	2519.531	0.438
3690.000	15.000	2574.219	0.402
3700.000	15.000	2574.219	0.402
3710.000	15.000	2574.219	0.402
3720.000	15.000	2632.812	0.398
3730.000	15.000	2632.812	0.398
3740.000	15.000	2632.812	0.398
3750.000	15.000	2601.562	0.423
3760.000	15.000	2601.562	0.423
3770.000	15.000	2601.562	0.423
3780.000	15.000	2603.516	0.436
3790.000	15.000	2603.516	0.436
3800.000	15.000	2603.516	0.436
3810.000	15.000	2671.875	0.447
3820.000	15.000	2671.875	0.447
3830.000	15.000	2671.875	0.447
3840.000	15.000	2675.781	0.419
3850.000	15.000	2675.781	0.419
3860.000	15.000	2675.781	0.419
3870.000	15.000	2720.703	0.429
3880.000	15.000	2720.703	0.429
3890.000	15.000	2720.703	0.429
3900.000	15.000	2726.562	0.406
3910.000	15.000	2726.562	0.406
3920.000	15.000	2726.562	0.406
3930.000	15.000	2740.234	0.423
3940.000	15.000	2740.234	0.423
3950.000	15.000	2740.234	0.423
3960.000	15.000	2802.734	0.431
3970.000	15.000	2802.734	0.431
3980.000	15.000	2802.734	0.431
3990.000	15.000	2800.781	0.412
4000.000	15.000	2800.781	0.412
4010.000	15.000	2800.781	0.412
4020.000	15.000	2853.516	0.416
4030.000	15.000	2853.516	0.416
4040.000	15.000	2853.516	0.416
4050.000	15.000	2871.094	0.440
4060.000	15.000	2871.094	0.440
4070.000	15.000	2871.094	0.440
4080.000	15.000	2880.859	0.423
4090.000	15.000	2880.859	0.423
4100.000	15.000	2880.859	0.423
4110.000	15.000	2931.641	0.430
4120.000	15.000	2931.641	0.430
4130.000	15.000	2931.641	0.430
4140.000	15.000	2980.469	0.438
4150.000	15.000	2980.469	0.438
4160.000	15.000	2980.469	0.438
4170.000	15.000	2982.422	0.437
4180.000	15.000	2982.422	0.437
4190.000	15.000	2982.422	0.437
4200.000	15.000	2986.328	0.445
4210.000	15.000	2986.328	0.445
4220.000	15.000	2986.328	0.445
4230.000	15.000	3039.062	0.407
4240.000	15.000	3039.062	0.407
4250.000	15.000	3039.062	0.407
4260.000	15.000	3074.219	0.405
4270.000	15.000	3074.219	0.405
4280.000	15.000	3074.219	0.405
4290.000	15.000	3050.781	0.425
4300.000	15.000	3050.781	0.425
4310.000	15.000	3050.781	0.425
4320.000	15.000	3097.656	0.405
4330.000	15.000	3097.656	0.405
4340.000	15.000	3097.656	0.405
4350.000	15.000	3105.469	0.434
4360.000	15.000	3105.469	0.434
4370.000	15.000	3105.469	0.434
4380.000	15.000	3154.297	0.428
4390.000	15.000	3154.297	0.428
4400.000	15.000	3154.297	0.428
4410.000	15.000	3164.062	0.390
4420.000	15.000	3164.062	0.390
4430.000	15.000	3164.062	0.390
4440.000	15.000	3218.750	0.405
4450.000	15.000	3218.750	0.405
4460.000	15.000	3218.750	0.405
4470.000	15.000	3250.000	0.425
4480.000	15.000	3250.000	0.425
4490.000	15.000	3250.000	0.425
4500.000	15.000	3216.797	0.411
4510.000	15.000	3216.797	0.411
4520.000	15.000	3216.797	0.411
4530.000	15.000	3308.594	0.419
4540.000	15.000	3308.594	0.419
4550.000	15.000	3308.594	0.419
4560.000	15.000	3261.719	0.408
4570.000	15.000	3261.719	0.408
4580.000	15.000	3261.719	0.408
4590.000	15.000	3332.031	0.437
4600.000	15.000	3332.031	0.437
4610.000	15.000	3332.031	0.437
4620.000	15.000	3343.750	0.432
4630.000	15.000	3343.750	0.432
4640.000	15.000	3343.750	0.432
4650.000	15.000	3392.578	0.430
4660.000	15.000	3392.578	0.430
4670.000	15.000	3392.578	0.430
4680.000	15.000	3333.984	0.424
4690.000	15.000	3333.984	0.424
4700.000	15.000	3333.984	0.424
4710.000	15.000	3439.453	0.418
4720.000	15.000	3439.453	0.418
4730.000	15.000	3439.453	0.418
4740.000	15.000	3398.437	0.424
4750.000	15.000	3398.437	0.424
4760.000	15.000	3398.437	0.424
4770.000	15.000	3496.094	0.430
4780.000	15.000	3496.094	0.430
4790.000	15.000	3496.094	0.430
4800.000	15.000	3503.906	0.399
4810.000	15.000	3503.906	0.399
4820.000	15.000	3503.906	0.399
4830.000	15.000	3496.094	0.428
4840.000	15.000	3496.094	0.428
4850.000	15.000	3496.094	0.428
4860.000	15.000	3533.203	0.432
4870.000	15.000	3533.203	0.432
4880.000	15.000	3533.203	0.432
4890.000	15.000	3570.312	0.412
4900.000	15.000	3570.312	0.412
4910.000	15.000	3570.312	0.412
4920.000	15.000	3574.219	0.405
4930.000	15.000	3574.219	0.405
4940.000	15.000	3574.219	0.405
4950.000	15.000	3599.609	0.442
4960.000	15.000	3599.609	0.442
4970.000	15.000	3599.609	0.442
4980.000	15.000	3642.578	0.398
4990.000	15.000	3642.578	0.398
5000.000	15.000	3642.578	0.398
5010.000	15.000	3695.312	0.414
5020.000	15.000	3695.312	0.414
5030.000	15.000	3695.312	0.414
5040.000	15.000	3683.594	0.402
5050.000	15.000	3683.594	0.402
5060.000	15.000	3683.594	0.402
5070.000	15.000	3746.094	0.438
5080.000	15.000	3746.094	0.438
5090.000	15.000	3746.094	0.438
5100.000	15.000	3750.000	0.428
5110.000	15.000	3750.000	0.428
5120.000	15.000	3750.000	0.428
5130.000	15.000	3763.672	0.402
5140.000	15.000	3763.672	0.402
5150.000	15.000	3763.672	0.402
5160.000	15.000	3783.203	0.416
5170.000	15.000	3783.203	0.416
5180.000	15.000	3783.203	0.416
5190.000	15.000	3832.031	0.410
5200.000	15.000	3832.031	0.410
5210.000	15.000	3832.031	0.410
5220.000	15.000	3855.469	0.436
5230.000	15.000	3855.469	0.436
5240.000	15.000	3855.469	0.436
5250.000	15.000	3832.031	0.414
5260.000	15.000	3832.031	0.414
5270.000	15.000	3832.031	0.414
5280.000	15.000	3898.437	0.434
5290.000	15.000	3898.437	0.434
5300.000	15.000	3898.437	0.434
5310.000	15.000	3886.719	0.427
5320.000	15.000	3886.719	0.427
5330.000	15.000	3886.719	0.427
5340.000	15.000	3914.062	0.439
5350.000	15.000	3914.062	0.439
5360.000	15.000	3914.062	0.439
5370.000	15.000	3949.219	0.423
5380.000	15.000	3949.219	0.423
5390.000	15.000	3949.219	0.423
5400.000	15.000	3953.125	0.437
5410.000	15.000	3953.125	0.437
5420.000	15.000	3953.125	0.437
5430.000	15.000	3957.031	0.422
5440.000	15.000	3957.031	0.422
5450.000	15.000	3957.031	0.422
5460.000	15.000	3998.047	0.421
5470.000	15.000	3998.047	0.421
5480.000	15.000	3998.047	0.421
5490.000	15.000	3998.047	0.427
5500.000	15.000	3998.047	0.427
5510.000	15.000	3998.047	0.427
5520.000	15.000	3998.047	0.423
5530.000	15.000	3998.047	0.423
5540.000	15.000	3998.047	0.423
5550.000	15.000	3998.047	0.411
5560.000	15.000	3998.047	0.411
5570.000	15.000	3998.047	0.411
5580.000	15.000	3998.047	0.343
5590.000	15.000	3998.047	0.343
5600.000	15.000	3998.047	0.343
5610.000	15.000	3998.047	0.171
5620.000	15.000	3998.047	0.171
5630.000	15.000	3998.047	0.171
5640.000	15.000	3998.047	0.048
5650.000	15.000	3998.047	0.048
5660.000	15.000	3998.047	0.048
5670.000	15.000	3998.047	-0.063
5680.000	15.000	3998.047	-0.063
5690.000	15.000	3998.047	-0.063
5700.000	15.000	3998.047	-0.159
5710.000	15.000	3998.047	-0.159
5720.000	15.000	3998.047	-0.159
5730.000	15.000	3998.047	-0.185
5740.000	15.000	3998.047	-0.185
5750.000	15.000	3998.047	-0.185
5760.000	15.000	3998.047	-0.135
5770.000	15.000	3998.047	-0.135
5780.000	15.000	3998.047	-0.135
5790.000	15.000	3978.516	-0.110
5800.000	15.000	3978.516	-0.110
5810.000	15.000	3978.516	-0.110
5820.000	15.000	3964.844	-0.052
5830.000	15.000	3964.844	-0.052
5840.000	15.000	3964.844	-0.052
5850.000	15.000	3941.406	0.052
5860.000	15.000	3941.406	0.052
5870.000	15.000	3941.406	0.052
5880.000	15.000	3955.078	0.171
5890.000	15.000	3955.078	0.171
5900.000	15.000	3955.078	0.171
5910.000	15.000	3943.359	0.304
5920.000	15.000	3943.359	0.304
5930.000	15.000	3943.359	0.304
5940.000	15.000	3935.547	0.370
5950.000	15.000	3935.547	0.370
5960.000	15.000	3935.547	0.370
5970.000	15.000	3998.047	0.400
5980.000	15.000	3998.047	0.400
5990.000	15.000	3998.047	0.400
6000.000	15.000	3945.312	0.420
6010.000	15.000	3945.312	0.420
6020.000	15.000	3945.312	0.420
6030.000	15.000	3998.047	0.340
6040.000	15.000	3998.047	0.340
6050.000	15.000	3998.047	0.340
6060.000	15.000	3998.047	0.286
6070.000	15.000	3998.047	0.286
6080.000	15.000	3998.047	0.286
6090.000	15.000	3998.047	0.217
6100.000	15.000	3998.047	0.217
6110.000	15.000	3998.047	0.217
6120.000	15.000	3998.047	0.087
6130.000	15.000	3998.047	0.087
6140.000	15.000	3998.047	0.087
6150.000	15.000	3998.047	0.028
6160.000	15.000	3998.047	0.028
6170.000	15.000	3998.047	0.028
6180.000	15.000	3998.047	-0.019
6190.000	15.000	3998.047	-0.019
6200.000	15.000	3998.047	-0.019
6210.000	15.000	3998.047	-0.040
6220.000	15.000	3998.047	-0.040
6230.000	15.000	3998.047	-0.040
6240.000	15.000	3949.219	-0.024
6250.000	15.000	3949.219	-0.024
6260.000	15.000	3949.219	-0.024
6270.000	15.000	3939.453	-0.016
6280.000	15.000	3939.453	-0.016
6290.000	15.000	3939.453	-0.016
6300.000	15.000	3935.547	-0.040
6310.000	15.000	3935.547	-0.040
6320.000	15.000	3935.547	-0.040
6330.000	15.000	3912.109	-0.021
6340.000	15.000	3912.109	-0.021
6350.000	15.000	3912.109	-0.021
6360.000	15.000	3904.297	-0.028
6370.000	15.000	3904.297	-0.028
6380.000	15.000	3904.297	-0.028
6390.000	15.000	3871.094	-0.011
6400.000	15.000	3871.094	-0.011
6410.000	15.000	3871.094	-0.011
6420.000	15.000	3876.953	-0.034
6430.000	15.000	3876.953	-0.034
6440.000	15.000	3876.953	-0.034
6450.000	15.000	3884.766	-0.034
6460.000	15.000	3884.766	-0.034
6470.000	15.000	3884.766	-0.034
6480.000	15.000	3843.750	-0.016
6490.000	15.000	3843.750	-0.016
6500.000	15.000	3843.750	-0.016
6510.000	15.000	3833.984	-0.025
6520.000	15.000	3833.984	-0.025
6530.000	15.000	3833.984	-0.025
6540.000	15.000	3816.406	-0.021
6550.000	15.000	3816.406	-0.021
6560.000	15.000	3816.406	-0.021
6570.000	15.000	3792.969	-0.023
6580.000	15.000	3792.969	-0.023
6590.000	15.000	3792.969	-0.023
6600.000	15.000	3791.016	-0.010
6610.000	15.000	3791.016	-0.010
6620.000	15.000	3791.016	-0.010
6630.000	15.000	3781.250	-0.030
6640.000	15.000	3781.250	-0.030
6650.000	15.000	3781.250	-0.030
6660.000	15.000	3710.937	-0.037
6670.000	15.000	3710.937	-0.037
6680.000	15.000	3710.937	-0.037
6690.000	15.000	3736.328	-0.038
6700.000	15.000	3736.328	-0.038
6710.000	15.000	3736.328	-0.038
6720.000	15.000	3742.187	-0.019
6730.000	15.000	3742.187	-0.019
6740.000	15.000	3742.187	-0.019
6750.000	15.000	3675.781	-0.032
6760.000	15.000	3675.781	-0.032
6770.000	15.000	3675.781	-0.032
6780.000	15.000	3693.359	-0.010
6790.000	15.000	3693.359	-0.010
6800.000	15.000	3693.359	-0.010
6810.000	15.000	3626.953	-0.036
6820.000	15.000	3626.953	-0.036
6830.000	15.000	3626.953	-0.036
6840.000	15.000	3648.437	-0.028
6850.000	15.000	3648.437	-0.028
6860.000	15.000	3648.437	-0.028
6870.000	15.000	3621.094	-0.014
6880.000	15.000	3621.094	-0.014
6890.000	15.000	3621.094	-0.014
6900.000	15.000	3617.187	-0.019
6910.000	15.000	3617.187	-0.019
6920.000	15.000	3617.187	-0.019
6930.000	15.000	3593.750	-0.013
6940.000	15.000	3593.750	-0.013
6950.000	15.000	3593.750	-0.013
6960.000	15.000	3589.844	-0.023
6970.000	15.000	3589.844	-0.023
6980.000	15.000	3589.844	-0.023
6990.000	15.000	3542.969	-0.029
7000.000	15.000	3542.969	-0.029
7010.000	15.000	3542.969	-0.029
7020.000	15.000	3556.641	-0.009
