%Time [ms]	Commanded Torque [mNm]	Angular Velocity [RPM]	Actual Current [Amp]	%2/10/20261:28 PM
0.000	0.000	0.000	0.000
20.000	5.000	-39.062	-0.030
30.000	5.000	-31.250	-0.001
40.000	5.000	-31.250	-0.001
50.000	5.000	-31.250	-0.001
60.000	5.000	-33.203	-0.033
70.000	5.000	-33.203	-0.033
80.000	5.000	-33.203	-0.033
90.000	5.000	0.000	-0.031
100.000	5.000	0.000	-0.031
110.000	5.000	0.000	-0.031
120.000	5.000	-37.109	-0.015
130.000	5.000	-37.109	-0.015
140.000	5.000	-37.109	-0.015
150.000	5.000	-50.781	-0.038
160.000	5.000	-50.781	-0.038
170.000	5.000	-50.781	-0.038
180.000	5.000	5.859	-0.030
190.000	5.000	5.859	-0.030
200.000	5.000	5.859	-0.030
210.000	5.000	-7.812	-0.021
220.000	5.000	-7.812	-0.021
230.000	5.000	-7.812	-0.021
240.000	5.000	1.953	-0.030
250.000	5.000	1.953	-0.030
260.000	5.000	1.953	-0.030
270.000	5.000	-29.297	-0.013
280.000	5.000	-29.297	-0.013
290.000	5.000	-29.297	-0.013
300.000	5.000	-35.156	-0.018
310.000	5.000	-35.156	-0.018
320.000	5.000	-35.156	-0.018
330.000	5.000	-21.484	-0.028
340.000	5.000	-21.484	-0.028
350.000	5.000	-21.484	-0.028
360.000	5.000	-7.812	-0.021
370.000	5.000	-7.812	-0.021
380.000	5.000	-7.812	-0.021
390.000	5.000	-5.859	-0.011
400.000	5.000	-5.859	-0.011
410.000	5.000	-5.859	-0.011
420.000	5.000	-11.719	-0.017
430.000	5.000	-11.719	-0.017
440.000	5.000	-11.719	-0.017
450.000	5.000	-44.922	-0.018
460.000	5.000	-44.922	-0.018
470.000	5.000	-44.922	-0.018
480.000	5.000	-41.016	-0.045
490.000	5.000	-41.016	-0.045
500.000	5.000	-41.016	-0.045
510.000	5.000	-15.625	-0.021
520.000	5.000	-15.625	-0.021
530.000	5.000	-15.625	-0.021
540.000	5.000	-46.875	-0.030
550.000	5.000	-46.875	-0.030
560.000	5.000	-46.875	-0.030
570.000	5.000	-5.859	-0.013
580.000	5.000	-5.859	-0.013
590.000	5.000	-5.859	-0.013
600.000	5.000	-3.906	-0.013
610.000	5.000	-3.906	-0.013
620.000	5.000	-3.906	-0.013
630.000	5.000	-23.437	-0.038
640.000	5.000	-23.437	-0.038
650.000	5.000	-23.437	-0.038
660.000	5.000	-50.781	-0.006
670.000	5.000	-50.781	-0.006
680.000	5.000	-50.781	-0.006
690.000	5.000	0.000	-0.012
700.000	5.000	0.000	-0.012
710.000	5.000	0.000	-0.012
720.000	5.000	-9.766	-0.011
730.000	5.000	-9.766	-0.011
740.000	5.000	-9.766	-0.011
750.000	5.000	-44.922	-0.042
760.000	5.000	-44.922	-0.042
770.000	5.000	-44.922	-0.042
780.000	5.000	-33.203	-0.028
790.000	5.000	-33.203	-0.028
800.000	5.000	-33.203	-0.028
810.000	5.000	-15.625	-0.033
820.000	5.000	-15.625	-0.033
830.000	5.000	-15.625	-0.033
840.000	5.000	-44.922	-0.031
850.000	5.000	-44.922	-0.031
860.000	5.000	-44.922	-0.031
870.000	5.000	0.000	-0.012
880.000	5.000	0.000	-0.012
890.000	5.000	0.000	-0.012
900.000	5.000	-1.953	-0.026
910.000	5.000	-1.953	-0.026
920.000	5.000	-1.953	-0.026
930.000	5.000	-27.344	-0.016
940.000	5.000	-27.344	-0.016
950.000	5.000	-27.344	-0.016
960.000	5.000	-5.859	-0.035
970.000	5.000	-5.859	-0.035
980.000	5.000	-5.859	-0.035
990.000	5.000	3.906	-0.021
1000.000	5.000	3.906	-0.021
1010.000	5.000	3.906	-0.021
1020.000	5.000	-21.484	-0.023
1030.000	5.000	-21.484	-0.023
1040.000	5.000	-21.484	-0.023
1050.000	5.000	3.906	-0.035
1060.000	5.000	3.906	-0.035
1070.000	5.000	3.906	-0.035
1080.000	5.000	-5.859	-0.034
1090.000	5.000	-5.859	-0.034
1100.000	5.000	-5.859	-0.034
1110.000	5.000	-44.922	0.054
1120.000	5.000	-44.922	0.054
1130.000	5.000	-44.922	0.054
1140.000	5.000	-58.594	0.107
1150.000	5.000	-58.594	0.107
1160.000	5.000	-58.594	0.107
1170.000	5.000	-1.953	0.110
1180.000	5.000	-1.953	0.110
1190.000	5.000	-1.953	0.110
1200.000	5.000	-39.062	0.129
1210.000	5.000	-39.062	0.129
1220.000	5.000	-39.062	0.129
1230.000	5.000	-7.812	0.144
1240.000	5.000	-7.812	0.144
1250.000	5.000	-7.812	0.144
1260.000	5.000	-19.531	0.144
1270.000	5.000	-19.531	0.144
1280.000	5.000	-19.531	0.144
1290.000	5.000	19.531	0.151
1300.000	5.000	19.531	0.151
1310.000	5.000	19.531	0.151
1320.000	5.000	39.062	0.140
1330.000	5.000	39.062	0.140
1340.000	5.000	39.062	0.140
1350.000	5.000	41.016	0.131
1360.000	5.000	41.016	0.131
1370.000	5.000	41.016	0.131
1380.000	5.000	62.500	0.143
1390.000	5.000	62.500	0.143
1400.000	5.000	62.500	0.143
1410.000	5.000	46.875	0.136
1420.000	5.000	46.875	0.136
1430.000	5.000	46.875	0.136
1440.000	5.000	64.453	0.129
1450.000	5.000	64.453	0.129
1460.000	5.000	64.453	0.129
1470.000	5.000	76.172	0.131
1480.000	5.000	76.172	0.131
1490.000	5.000	76.172	0.131
1500.000	5.000	68.359	0.115
1510.000	5.000	68.359	0.115
1520.000	5.000	68.359	0.115
1530.000	5.000	56.641	0.137
1540.000	5.000	56.641	0.137
1550.000	5.000	56.641	0.137
1560.000	5.000	95.703	0.134
1570.000	5.000	95.703	0.134
1580.000	5.000	95.703	0.134
1590.000	5.000	101.562	0.154
1600.000	5.000	101.562	0.154
1610.000	5.000	101.562	0.154
1620.000	5.000	93.750	0.121
1630.000	5.000	93.750	0.121
1640.000	5.000	93.750	0.121
1650.000	5.000	60.547	0.144
1660.000	5.000	60.547	0.144
1670.000	5.000	60.547	0.144
1680.000	5.000	140.625	0.126
1690.000	5.000	140.625	0.126
1700.000	5.000	140.625	0.126
1710.000	5.000	109.375	0.125
1720.000	5.000	109.375	0.125
1730.000	5.000	109.375	0.125
1740.000	5.000	91.797	0.138
1750.000	5.000	91.797	0.138
1760.000	5.000	91.797	0.138
1770.000	5.000	140.625	0.150
1780.000	5.000	140.625	0.150
1790.000	5.000	140.625	0.150
1800.000	5.000	167.969	0.153
1810.000	5.000	167.969	0.153
1820.000	5.000	167.969	0.153
1830.000	5.000	126.953	0.121
1840.000	5.000	126.953	0.121
1850.000	5.000	126.953	0.121
1860.000	5.000	148.437	0.113
1870.000	5.000	148.437	0.113
1880.000	5.000	148.437	0.113
1890.000	5.000	126.953	0.134
1900.000	5.000	126.953	0.134
1910.000	5.000	126.953	0.134
1920.000	5.000	195.312	0.136
1930.000	5.000	195.312	0.136
1940.000	5.000	195.312	0.136
1950.000	5.000	177.734	0.112
1960.000	5.000	177.734	0.112
1970.000	5.000	177.734	0.112
1980.000	5.000	212.891	0.132
1990.000	5.000	212.891	0.132
2000.000	5.000	212.891	0.132
2010.000	5.000	191.406	0.156
2020.000	5.000	191.406	0.156
2030.000	5.000	191.406	0.156
2040.000	5.000	177.734	0.145
2050.000	5.000	177.734	0.145
2060.000	5.000	177.734	0.145
2070.000	5.000	201.172	0.143
2080.000	5.000	201.172	0.143
2090.000	5.000	201.172	0.143
2100.000	5.000	162.109	0.132
2110.000	5.000	162.109	0.132
2120.000	5.000	162.109	0.132
2130.000	5.000	205.078	0.128
2140.000	5.000	205.078	0.128
2150.000	5.000	205.078	0.128
2160.000	5.000	214.844	0.123
2170.000	5.000	214.844	0.123
2180.000	5.000	214.844	0.123
2190.000	5.000	240.234	0.129
2200.000	5.000	240.234	0.129
2210.000	5.000	240.234	0.129
2220.000	5.000	255.859	0.146
2230.000	5.000	255.859	0.146
2240.000	5.000	255.859	0.146
2250.000	5.000	259.766	0.129
2260.000	5.000	259.766	0.129
2270.000	5.000	259.766	0.129
2280.000	5.000	259.766	0.139
2290.000	5.000	259.766	0.139
2300.000	5.000	259.766	0.139
2310.000	5.000	283.203	0.127
2320.000	5.000	283.203	0.127
2330.000	5.000	283.203	0.127
2340.000	5.000	240.234	0.132
2350.000	5.000	240.234	0.132
2360.000	5.000	240.234	0.132
2370.000	5.000	248.047	0.152
2380.000	5.000	248.047	0.152
2390.000	5.000	248.047	0.152
2400.000	5.000	277.344	0.113
2410.000	5.000	277.344	0.113
2420.000	5.000	277.344	0.113
2430.000	5.000	253.906	0.125
2440.000	5.000	253.906	0.125
2450.000	5.000	253.906	0.125
2460.000	5.000	281.250	0.135
2470.000	5.000	281.250	0.135
2480.000	5.000	281.250	0.135
2490.000	5.000	312.500	0.136
2500.000	5.000	312.500	0.136
2510.000	5.000	312.500	0.136
2520.000	5.000	294.922	0.132
2530.000	5.000	294.922	0.132
2540.000	5.000	294.922	0.132
2550.000	5.000	310.547	0.157
2560.000	5.000	310.547	0.157
2570.000	5.000	310.547	0.157
2580.000	5.000	314.453	0.123
2590.000	5.000	314.453	0.123
2600.000	5.000	314.453	0.123
2610.000	5.000	330.078	0.129
2620.000	5.000	330.078	0.129
2630.000	5.000	330.078	0.129
2640.000	5.000	304.687	0.117
2650.000	5.000	304.687	0.117
2660.000	5.000	304.687	0.117
2670.000	5.000	341.797	0.135
2680.000	5.000	341.797	0.135
2690.000	5.000	341.797	0.135
2700.000	5.000	339.844	0.122
2710.000	5.000	339.844	0.122
2720.000	5.000	339.844	0.122
2730.000	5.000	353.516	0.133
2740.000	5.000	353.516	0.133
2750.000	5.000	353.516	0.133
2760.000	5.000	361.328	0.122
2770.000	5.000	361.328	0.122
2780.000	5.000	361.328	0.122
2790.000	5.000	343.750	0.120
2800.000	5.000	343.750	0.120
2810.000	5.000	343.750	0.120
2820.000	5.000	369.141	0.139
2830.000	5.000	369.141	0.139
2840.000	5.000	369.141	0.139
2850.000	5.000	384.766	0.132
2860.000	5.000	384.766	0.132
2870.000	5.000	384.766	0.132
2880.000	5.000	382.812	0.131
2890.000	5.000	382.812	0.131
2900.000	5.000	382.812	0.131
2910.000	5.000	404.297	0.142
2920.000	5.000	404.297	0.142
2930.000	5.000	404.297	0.142
2940.000	5.000	390.625	0.100
2950.000	5.000	390.625	0.100
2960.000	5.000	390.625	0.100
2970.000	5.000	404.297	0.121
2980.000	5.000	404.297	0.121
2990.000	5.000	404.297	0.121
3000.000	5.000	390.625	0.119
3010.000	5.000	390.625	0.119
3020.000	5.000	390.625	0.119
3030.000	5.000	388.672	0.130
3040.000	5.000	388.672	0.130
3050.000	5.000	388.672	0.130
3060.000	5.000	392.578	0.131
3070.000	5.000	392.578	0.131
3080.000	5.000	392.578	0.131
3090.000	5.000	441.406	0.146
3100.000	5.000	441.406	0.146
3110.000	5.000	441.406	0.146
3120.000	5.000	427.734	0.144
3130.000	5.000	427.734	0.144
3140.000	5.000	427.734	0.144
3150.000	5.000	429.687	0.137
3160.000	5.000	429.687	0.137
3170.000	5.000	429.687	0.137
3180.000	5.000	425.781	0.112
3190.000	5.000	425.781	0.112
3200.000	5.000	425.781	0.112
3210.000	5.000	451.172	0.120
3220.000	5.000	451.172	0.120
3230.000	5.000	451.172	0.120
3240.000	5.000	458.984	0.122
3250.000	5.000	458.984	0.122
3260.000	5.000	458.984	0.122
3270.000	5.000	460.937	0.115
3280.000	5.000	460.937	0.115
3290.000	5.000	460.937	0.115
3300.000	5.000	433.594	0.116
3310.000	5.000	433.594	0.116
3320.000	5.000	433.594	0.116
3330.000	5.000	480.469	0.141
3340.000	5.000	480.469	0.141
3350.000	5.000	480.469	0.141
3360.000	5.000	490.234	0.139
3370.000	5.000	490.234	0.139
3380.000	5.000	490.234	0.139
3390.000	5.000	464.844	0.148
3400.000	5.000	464.844	0.148
3410.000	5.000	464.844	0.148
3420.000	5.000	457.031	0.144
3430.000	5.000	457.031	0.144
3440.000	5.000	457.031	0.144
3450.000	5.000	505.859	0.122
3460.000	5.000	505.859	0.122
3470.000	5.000	505.859	0.122
3480.000	5.000	482.422	0.128
3490.000	5.000	482.422	0.128
3500.000	5.000	482.422	0.128
3510.000	5.000	511.719	0.125
3520.000	5.000	511.719	0.125
3530.000	5.000	511.719	0.125
3540.000	5.000	501.953	0.110
3550.000	5.000	501.953	0.110
3560.000	5.000	501.953	0.110
3570.000	5.000	488.281	0.149
3580.000	5.000	488.281	0.149
3590.000	5.000	488.281	0.149
3600.000	5.000	535.156	0.148
3610.000	5.000	535.156	0.148
3620.000	5.000	535.156	0.148
3630.000	5.000	492.187	0.120
3640.000	5.000	492.187	0.120
3650.000	5.000	492.187	0.120
3660.000	5.000	507.812	0.128
3670.000	5.000	507.812	0.128
3680.000	5.000	507.812	0.128
3690.000	5.000	548.828	0.137
3700.000	5.000	548.828	0.137
3710.000	5.000	548.828	0.137
3720.000	5.000	544.922	0.120
3730.000	5.000	544.922	0.120
3740.000	5.000	544.922	0.120
3750.000	5.000	531.250	0.146
3760.000	5.000	531.250	0.146
3770.000	5.000	531.250	0.146
3780.000	5.000	550.781	0.140
3790.000	5.000	550.781	0.140
3800.000	5.000	550.781	0.140
3810.000	5.000	556.641	0.126
3820.000	5.000	556.641	0.126
3830.000	5.000	556.641	0.126
3840.000	5.000	576.172	0.146
3850.000	5.000	576.172	0.146
3860.000	5.000	576.172	0.146
3870.000	5.000	580.078	0.130
3880.000	5.000	580.078	0.130
3890.000	5.000	580.078	0.130
3900.000	5.000	529.297	0.126
3910.000	5.000	529.297	0.126
3920.000	5.000	529.297	0.126
3930.000	5.000	542.969	0.137
3940.000	5.000	542.969	0.137
3950.000	5.000	542.969	0.137
3960.000	5.000	562.500	0.138
3970.000	5.000	562.500	0.138
3980.000	5.000	562.500	0.138
3990.000	5.000	605.469	0.118
4000.000	5.000	605.469	0.118
4010.000	5.000	605.469	0.118
4020.000	5.000	619.141	0.134
4030.000	5.000	619.141	0.134
4040.000	5.000	619.141	0.134
4050.000	5.000	615.234	0.136
4060.000	5.000	615.234	0.136
4070.000	5.000	615.234	0.136
4080.000	5.000	605.469	0.140
4090.000	5.000	605.469	0.140
4100.000	5.000	605.469	0.140
4110.000	5.000	597.656	0.137
4120.000	5.000	597.656	0.137
4130.000	5.000	597.656	0.137
4140.000	5.000	619.141	0.148
4150.000	5.000	619.141	0.148
4160.000	5.000	619.141	0.148
4170.000	5.000	609.375	0.137
4180.000	5.000	609.375	0.137
4190.000	5.000	609.375	0.137
4200.000	5.000	634.766	0.116
4210.000	5.000	634.766	0.116
4220.000	5.000	634.766	0.116
4230.000	5.000	613.281	0.143
4240.000	5.000	613.281	0.143
4250.000	5.000	613.281	0.143
4260.000	5.000	640.625	0.154
4270.000	5.000	640.625	0.154
4280.000	5.000	640.625	0.154
4290.000	5.000	630.859	0.145
4300.000	5.000	630.859	0.145
4310.000	5.000	630.859	0.145
4320.000	5.000	625.000	0.113
4330.000	5.000	625.000	0.113
4340.000	5.000	625.000	0.113
4350.000	5.000	673.828	0.126
4360.000	5.000	673.828	0.126
4370.000	5.000	673.828	0.126
4380.000	5.000	666.016	0.143
4390.000	5.000	666.016	0.143
4400.000	5.000	666.016	0.143
4410.000	5.000	646.484	0.124
4420.000	5.000	646.484	0.124
4430.000	5.000	646.484	0.124
4440.000	5.000	675.781	0.113
4450.000	5.000	675.781	0.113
4460.000	5.000	675.781	0.113
4470.000	5.000	683.594	0.139
4480.000	5.000	683.594	0.139
4490.000	5.000	683.594	0.139
4500.000	5.000	683.594	0.141
4510.000	5.000	683.594	0.141
4520.000	5.000	683.594	0.141
4530.000	5.000	687.500	0.144
4540.000	5.000	687.500	0.144
4550.000	5.000	687.500	0.144
4560.000	5.000	652.344	0.144
4570.000	5.000	652.344	0.144
4580.000	5.000	652.344	0.144
4590.000	5.000	673.828	0.115
4600.000	5.000	673.828	0.115
4610.000	5.000	673.828	0.115
4620.000	5.000	718.750	0.127
4630.000	5.000	718.750	0.127
4640.000	5.000	718.750	0.127
4650.000	5.000	712.891	0.129
4660.000	5.000	712.891	0.129
4670.000	5.000	712.891	0.129
4680.000	5.000	697.266	0.131
4690.000	5.000	697.266	0.131
4700.000	5.000	697.266	0.131
4710.000	5.000	712.891	0.113
4720.000	5.000	712.891	0.113
4730.000	5.000	712.891	0.113
4740.000	5.000	736.328	0.128
4750.000	5.000	736.328	0.128
4760.000	5.000	736.328	0.128
4770.000	5.000	728.516	0.128
4780.000	5.000	728.516	0.128
4790.000	5.000	728.516	0.128
4800.000	5.000	744.141	0.127
4810.000	5.000	744.141	0.127
4820.000	5.000	744.141	0.127
4830.000	5.000	728.516	0.146
4840.000	5.000	728.516	0.146
4850.000	5.000	728.516	0.146
4860.000	5.000	699.219	0.143
4870.000	5.000	699.219	0.143
4880.000	5.000	699.219	0.143
4890.000	5.000	781.250	0.141
4900.000	5.000	781.250	0.141
4910.000	5.000	781.250	0.141
4920.000	5.000	740.234	0.147
4930.000	5.000	740.234	0.147
4940.000	5.000	740.234	0.147
4950.000	5.000	765.625	0.134
4960.000	5.000	765.625	0.134
4970.000	5.000	765.625	0.134
4980.000	5.000	787.109	0.133
4990.000	5.000	787.109	0.133
5000.000	5.000	787.109	0.133
5010.000	5.000	753.906	0.147
5020.000	5.000	753.906	0.147
5030.000	5.000	753.906	0.147
5040.000	5.000	751.953	0.131
5050.000	5.000	751.953	0.131
5060.000	5.000	751.953	0.131
5070.000	5.000	802.734	0.118
5080.000	5.000	802.734	0.118
5090.000	5.000	802.734	0.118
5100.000	5.000	800.781	0.144
5110.000	5.000	800.781	0.144
5120.000	5.000	800.781	0.144
5130.000	5.000	806.641	0.147
5140.000	5.000	806.641	0.147
5150.000	5.000	806.641	0.147
5160.000	5.000	796.875	0.149
5170.000	5.000	796.875	0.149
5180.000	5.000	796.875	0.149
5190.000	5.000	806.641	0.127
5200.000	5.000	806.641	0.127
5210.000	5.000	806.641	0.127
5220.000	5.000	791.016	0.138
5230.000	5.000	791.016	0.138
5240.000	5.000	791.016	0.138
5250.000	5.000	798.828	0.137
5260.000	5.000	798.828	0.137
5270.000	5.000	798.828	0.137
5280.000	5.000	789.062	0.113
5290.000	5.000	789.062	0.113
5300.000	5.000	789.062	0.113
5310.000	5.000	832.031	0.150
5320.000	5.000	832.031	0.150
5330.000	5.000	832.031	0.150
5340.000	5.000	810.547	0.141
5350.000	5.000	810.547	0.141
5360.000	5.000	810.547	0.141
5370.000	5.000	824.219	0.118
5380.000	5.000	824.219	0.118
5390.000	5.000	824.219	0.118
5400.000	5.000	845.703	0.130
5410.000	5.000	845.703	0.130
5420.000	5.000	845.703	0.130
5430.000	5.000	824.219	0.122
5440.000	5.000	824.219	0.122
5450.000	5.000	824.219	0.122
5460.000	5.000	814.453	0.138
5470.000	5.000	814.453	0.138
5480.000	5.000	814.453	0.138
5490.000	5.000	845.703	0.139
5500.000	5.000	845.703	0.139
5510.000	5.000	845.703	0.139
5520.000	5.000	812.500	0.145
5530.000	5.000	812.500	0.145
5540.000	5.000	812.500	0.145
5550.000	5.000	835.937	0.131
5560.000	5.000	835.937	0.131
5570.000	5.000	835.937	0.131
5580.000	5.000	845.703	0.152
5590.000	5.000	845.703	0.152
5600.000	5.000	845.703	0.152
5610.000	5.000	875.000	0.114
5620.000	5.000	875.000	0.114
5630.000	5.000	875.000	0.114
5640.000	5.000	863.281	0.132
5650.000	5.000	863.281	0.132
5660.000	5.000	863.281	0.132
5670.000	5.000	871.094	0.121
5680.000	5.000	871.094	0.121
5690.000	5.000	871.094	0.121
5700.000	5.000	859.375	0.148
5710.000	5.000	859.375	0.148
5720.000	5.000	859.375	0.148
5730.000	5.000	875.000	0.130
5740.000	5.000	875.000	0.130
5750.000	5.000	875.000	0.130
5760.000	5.000	908.203	0.144
5770.000	5.000	908.203	0.144
5780.000	5.000	908.203	0.144
5790.000	5.000	878.906	0.134
5800.000	5.000	878.906	0.134
5810.000	5.000	878.906	0.134
5820.000	5.000	919.922	0.134
5830.000	5.000	919.922	0.134
5840.000	5.000	919.922	0.134
5850.000	5.000	892.578	0.154
5860.000	5.000	892.578	0.154
5870.000	5.000	892.578	0.154
5880.000	5.000	904.297	0.129
5890.000	5.000	904.297	0.129
5900.000	5.000	904.297	0.129
5910.000	5.000	875.000	0.127
5920.000	5.000	875.000	0.127
5930.000	5.000	875.000	0.127
5940.000	5.000	919.922	0.149
5950.000	5.000	919.922	0.149
5960.000	5.000	919.922	0.149
5970.000	5.000	896.484	0.143
5980.000	5.000	896.484	0.143
5990.000	5.000	896.484	0.143
6000.000	5.000	923.828	0.136
6010.000	5.000	923.828	0.136
6020.000	5.000	923.828	0.136
6030.000	5.000	904.297	0.151
6040.000	5.000	904.297	0.151
6050.000	5.000	904.297	0.151
6060.000	5.000	917.969	0.143
6070.000	5.000	917.969	0.143
6080.000	5.000	917.969	0.143
6090.000	5.000	902.344	0.070
6100.000	5.000	902.344	0.070
6110.000	5.000	902.344	0.070
6120.000	5.000	896.484	-0.009
6130.000	5.000	896.484	-0.009
6140.000	5.000	896.484	-0.009
6150.000	5.000	919.922	-0.013
6160.000	5.000	919.922	-0.013
6170.000	5.000	919.922	-0.013
6180.000	5.000	892.578	-0.007
6190.000	5.000	892.578	-0.007
6200.000	5.000	892.578	-0.007
6210.000	5.000	880.859	-0.024
6220.000	5.000	880.859	-0.024
6230.000	5.000	880.859	-0.024
6240.000	5.000	873.047	-0.045
6250.000	5.000	873.047	-0.045
6260.000	5.000	873.047	-0.045
6270.000	5.000	878.906	-0.018
6280.000	5.000	878.906	-0.018
6290.000	5.000	878.906	-0.018
6300.000	5.000	869.141	-0.019
6310.000	5.000	869.141	-0.019
6320.000	5.000	869.141	-0.019
6330.000	5.000	863.281	-0.011
6340.000	5.000	863.281	-0.011
6350.000	5.000	863.281	-0.011
6360.000	5.000	863.281	-0.033
6370.000	5.000	863.281	-0.033
6380.000	5.000	863.281	-0.033
6390.000	5.000	867.187	-0.040
6400.000	5.000	867.187	-0.040
6410.000	5.000	867.187	-0.040
6420.000	5.000	806.641	-0.026
6430.000	5.000	806.641	-0.026
6440.000	5.000	806.641	-0.026
6450.000	5.000	849.609	-0.037
6460.000	5.000	849.609	-0.037
6470.000	5.000	849.609	-0.037
6480.000	5.000	796.875	-0.022
6490.000	5.000	796.875	-0.022
6500.000	5.000	796.875	-0.022
6510.000	5.000	791.016	-0.028
6520.000	5.000	791.016	-0.028
6530.000	5.000	791.016	-0.028
6540.000	5.000	822.266	-0.011
6550.000	5.000	822.266	-0.011
6560.000	5.000	822.266	-0.011
6570.000	5.000	787.109	-0.030
6580.000	5.000	787.109	-0.030
6590.000	5.000	787.109	-0.030
6600.000	5.000	798.828	-0.014
6610.000	5.000	798.828	-0.014
6620.000	5.000	798.828	-0.014
6630.000	5.000	771.484	-0.026
6640.000	5.000	771.484	-0.026
6650.000	5.000	771.484	-0.026
6660.000	5.000	791.016	-0.045
6670.000	5.000	791.016	-0.045
6680.000	5.000	791.016	-0.045
6690.000	5.000	765.625	-0.036
6700.000	5.000	765.625	-0.036
6710.000	5.000	765.625	-0.036
6720.000	5.000	746.094	-0.014
6730.000	5.000	746.094	-0.014
6740.000	5.000	746.094	-0.014
6750.000	5.000	722.656	-0.032
6760.000	5.000	722.656	-0.032
6770.000	5.000	722.656	-0.032
6780.000	5.000	703.125	-0.015
6790.000	5.000	703.125	-0.015
6800.000	5.000	703.125	-0.015
6810.000	5.000	708.984	-0.045
6820.000	5.000	708.984	-0.045
6830.000	5.000	708.984	-0.045
6840.000	5.000	712.891	-0.016
6850.000	5.000	712.891	-0.016
6860.000	5.000	712.891	-0.016
6870.000	5.000	691.406	-0.021
6880.000	5.000	691.406	-0.021
6890.000	5.000	691.406	-0.021
6900.000	5.000	699.219	-0.013
6910.000	5.000	699.219	-0.013
6920.000	5.000	699.219	-0.013
6930.000	5.000	660.156	-0.009
6940.000	5.000	660.156	-0.009
6950.000	5.000	660.156	-0.009
6960.000	5.000	673.828	-0.013
6970.000	5.000	673.828	-0.013
6980.000	5.000	673.828	-0.013
6990.000	5.000	636.719	-0.015
7000.000	5.000	636.719	-0.015
7010.000	5.000	636.719	-0.015
7020.000	5.000	648.437	-0.024
