%Time [ms]	Commanded Torque [mNm]	Angular Velocity [RPM]	Actual Current [Amp]	%2/10/20261:37 PM
0.000	0.000	0.000	0.000
20.000	10.000	0.000	-0.000
30.000	10.000	0.000	0.001
40.000	10.000	0.000	0.001
50.000	10.000	0.000	0.001
60.000	10.000	0.000	0.001
70.000	10.000	0.000	0.001
80.000	10.000	0.000	0.001
90.000	10.000	0.000	0.001
100.000	10.000	0.000	0.001
110.000	10.000	0.000	-0.000
120.000	10.000	0.000	0.001
130.000	10.000	0.000	0.001
140.000	10.000	0.000	0.002
150.000	10.000	0.000	0.001
160.000	10.000	0.000	-0.000
170.000	10.000	0.000	-0.002
180.000	10.000	0.000	-0.000
190.000	10.000	0.000	0.003
200.000	10.000	0.000	0.002
210.000	10.000	0.000	0.006
220.000	10.000	0.000	0.006
230.000	10.000	0.000	0.006
240.000	10.000	0.000	0.004
250.000	10.000	0.000	0.006
260.000	10.000	0.000	0.004
270.000	10.000	0.000	0.006
280.000	10.000	0.000	0.004
290.000	10.000	0.000	0.007
300.000	10.000	0.000	0.002
310.000	10.000	0.000	0.006
320.000	10.000	0.000	0.004
330.000	10.000	0.000	0.003
340.000	10.000	0.000	0.006
350.000	10.000	0.000	0.004
360.000	10.000	0.000	0.004
370.000	10.000	0.000	0.003
380.000	10.000	0.000	0.006
390.000	10.000	0.000	0.003
400.000	10.000	0.000	0.003
410.000	10.000	0.000	0.003
420.000	10.000	0.000	0.002
430.000	10.000	0.000	0.002
440.000	10.000	0.000	0.002
450.000	10.000	0.000	0.001
460.000	10.000	0.000	0.001
470.000	10.000	0.000	-0.002
480.000	10.000	0.000	0.002
490.000	10.000	0.000	0.002
500.000	10.000	0.000	0.001
510.000	10.000	0.000	0.001
520.000	10.000	0.000	-0.002
530.000	10.000	0.000	0.001
540.000	10.000	0.000	0.002
550.000	10.000	0.000	-0.000
560.000	10.000	0.000	-0.000
570.000	10.000	0.000	-0.002
580.000	10.000	0.000	0.001
590.000	10.000	0.000	0.001
600.000	10.000	0.000	0.001
610.000	10.000	0.000	0.001
620.000	10.000	0.000	0.002
630.000	10.000	0.000	0.004
640.000	10.000	0.000	0.004
650.000	10.000	0.000	0.006
660.000	10.000	0.000	0.004
670.000	10.000	0.000	0.004
680.000	10.000	0.000	0.006
690.000	10.000	0.000	0.004
700.000	10.000	0.000	0.004
710.000	10.000	0.000	0.003
720.000	10.000	0.000	0.004
730.000	10.000	0.000	0.004
740.000	10.000	0.000	0.003
750.000	10.000	0.000	0.004
760.000	10.000	0.000	0.004
770.000	10.000	0.000	0.004
780.000	10.000	0.000	0.001
790.000	10.000	0.000	0.001
800.000	10.000	0.000	0.002
810.000	10.000	0.000	-0.000
820.000	10.000	0.000	-0.000
830.000	10.000	0.000	0.002
840.000	10.000	0.000	0.001
850.000	10.000	0.000	0.001
860.000	10.000	0.000	0.001
870.000	10.000	0.000	0.001
880.000	10.000	0.000	0.001
890.000	10.000	0.000	0.001
900.000	10.000	0.000	-0.000
910.000	10.000	0.000	-0.000
920.000	10.000	0.000	0.001
930.000	10.000	0.000	-0.000
940.000	10.000	0.000	-0.000
950.000	10.000	0.000	0.001
960.000	10.000	0.000	0.003
970.000	10.000	0.000	0.003
980.000	10.000	0.000	0.002
990.000	10.000	0.000	0.004
1000.000	10.000	0.000	0.004
1010.000	10.000	0.000	0.006
1020.000	10.000	0.000	0.003
1030.000	10.000	0.000	0.003
1040.000	10.000	0.000	0.050
1050.000	10.000	-0.073	0.208
1060.000	10.000	-0.073	0.208
1070.000	10.000	-0.073	0.260
1080.000	10.000	-0.146	0.322
1090.000	10.000	-0.146	0.322
1100.000	10.000	-0.220	0.344
1110.000	10.000	-0.439	0.368
1120.000	10.000	-0.439	0.368
1130.000	10.000	-0.586	0.374
1140.000	10.000	-0.732	0.377
1150.000	10.000	-0.866	0.384
1160.000	10.000	-1.036	0.385
1170.000	10.000	-1.403	0.390
1180.000	10.000	-1.622	0.390
1190.000	10.000	-1.842	0.390
1200.000	10.000	-2.062	0.389
1210.000	10.000	-2.115	0.391
1220.000	10.000	-2.367	0.394
1230.000	10.000	-2.587	0.395
1240.000	10.000	-2.880	0.395
1250.000	10.000	-3.260	0.397
1260.000	10.000	-3.382	0.396
1270.000	10.000	-3.348	0.396
1280.000	10.000	-3.381	0.396
1290.000	10.000	-3.527	0.395
1300.000	10.000	-3.674	0.395
1310.000	10.000	-4.060	0.394
1320.000	10.000	-4.247	0.394
1330.000	10.000	-4.281	0.396
1340.000	10.000	-4.492	0.395
1350.000	10.000	-4.785	0.400
1360.000	10.000	-4.932	0.395
1370.000	10.000	-5.038	0.396
1380.000	10.000	-5.225	0.394
1390.000	10.000	-5.665	0.401
1400.000	10.000	-5.885	0.396
1410.000	10.000	-6.324	0.396
1420.000	10.000	-6.324	0.396
1430.000	10.000	-6.584	0.395
1440.000	10.000	-6.445	0.396
1450.000	10.000	-6.226	0.396
1460.000	10.000	-6.519	0.396
1470.000	10.000	-6.812	0.395
1480.000	10.000	-6.965	0.396
1490.000	10.000	-7.298	0.394
1500.000	10.000	-7.298	0.393
1510.000	10.000	-7.312	0.393
1520.000	10.000	-7.417	0.395
1530.000	10.000	-7.564	0.390
1540.000	10.000	-8.050	0.394
1550.000	10.000	-8.441	0.393
1560.000	10.000	-8.221	0.397
1570.000	10.000	-8.354	0.396
1580.000	10.000	-8.665	0.397
1590.000	10.000	-8.478	0.396
1600.000	10.000	-8.884	0.396
1610.000	10.000	-9.098	0.396
1620.000	10.000	-9.139	0.395
1630.000	10.000	-9.266	0.394
1640.000	10.000	-9.650	0.396
1650.000	10.000	-9.553	0.397
1660.000	10.000	-9.766	0.396
1670.000	10.000	-10.121	0.395
1680.000	10.000	-10.170	0.396
1690.000	10.000	-10.483	0.395
1700.000	10.000	-10.312	0.395
1710.000	10.000	-10.744	0.395
1720.000	10.000	-10.644	0.395
1730.000	10.000	-11.258	0.397
1740.000	10.000	-10.753	0.395
1750.000	10.000	-11.006	0.395
1760.000	10.000	-11.428	0.396
1770.000	10.000	-11.672	0.394
1780.000	10.000	-11.512	0.395
1790.000	10.000	-11.793	0.396
1800.000	10.000	-12.070	0.393
1810.000	10.000	-12.157	0.394
1820.000	10.000	-12.216	0.393
1830.000	10.000	-12.061	0.394
1840.000	10.000	-12.514	0.394
1850.000	10.000	-12.684	0.393
1860.000	10.000	-12.782	0.394
1870.000	10.000	-12.582	0.397
1880.000	10.000	-13.426	0.395
1890.000	10.000	-12.978	0.395
1900.000	10.000	-13.138	0.396
1910.000	10.000	-13.596	0.395
1920.000	10.000	-13.784	0.395
1930.000	10.000	-13.857	0.395
1940.000	10.000	-14.153	0.396
1950.000	10.000	-14.242	0.396
1960.000	10.000	-14.389	0.395
1970.000	10.000	-14.515	0.395
1980.000	10.000	-14.930	0.394
1990.000	10.000	-14.930	0.394
2000.000	10.000	-15.063	0.396
2010.000	10.000	-14.884	0.394
2020.000	10.000	-15.104	0.395
2030.000	10.000	-15.161	0.394
2040.000	10.000	-15.381	0.396
2050.000	10.000	-15.381	0.396
2060.000	10.000	-15.527	0.396
2070.000	10.000	-15.747	0.394
2080.000	10.000	-15.747	0.394
2090.000	10.000	-15.747	0.393
2100.000	10.000	-16.040	0.399
2110.000	10.000	-16.040	0.399
2120.000	10.000	-16.406	0.394
2130.000	10.000	-16.406	0.393
2140.000	10.000	-16.406	0.393
2150.000	10.000	-16.772	0.394
2160.000	10.000	-16.772	0.396
2170.000	10.000	-16.772	0.396
2180.000	10.000	-17.065	0.396
2190.000	10.000	-17.358	0.396
2200.000	10.000	-17.358	0.396
2210.000	10.000	-17.212	0.395
2220.000	10.000	-17.944	0.394
2230.000	10.000	-17.944	0.394
2240.000	10.000	-17.798	0.396
2250.000	10.000	-17.651	0.397
2260.000	10.000	-17.918	0.395
2270.000	10.000	-18.276	0.396
2280.000	10.000	-18.496	0.395
2290.000	10.000	-18.496	0.396
2300.000	10.000	-18.569	0.396
2310.000	10.000	-18.862	0.396
2320.000	10.000	-18.862	0.396
2330.000	10.000	-18.935	0.395
2340.000	10.000	-19.374	0.395
2350.000	10.000	-19.374	0.395
2360.000	10.000	-19.401	0.393
2370.000	10.000	-19.263	0.394
2380.000	10.000	-19.263	0.394
2390.000	10.000	-19.556	0.394
2400.000	10.000	-19.995	0.395
2410.000	10.000	-19.995	0.395
2420.000	10.000	-20.215	0.391
2430.000	10.000	-20.142	0.396
2440.000	10.000	-20.142	0.396
2450.000	10.000	-20.142	0.395
2460.000	10.000	-20.654	0.394
2470.000	10.000	-20.654	0.394
2480.000	10.000	-20.728	0.395
2490.000	10.000	-20.874	0.395
2500.000	10.000	-20.874	0.395
2510.000	10.000	-21.240	0.395
2520.000	10.000	-21.533	0.395
2530.000	10.000	-21.533	0.395
2540.000	10.000	-21.387	0.396
2550.000	10.000	-21.533	0.396
2560.000	10.000	-21.533	0.396
2570.000	10.000	-21.606	0.394
2580.000	10.000	-21.826	0.396
2590.000	10.000	-21.826	0.396
2600.000	10.000	-22.046	0.396
2610.000	10.000	-22.266	0.397
2620.000	10.000	-22.266	0.397
2630.000	10.000	-22.266	0.395
2640.000	10.000	-22.632	0.394
2650.000	10.000	-22.925	0.396
2660.000	10.000	-22.925	0.396
2670.000	10.000	-22.998	0.391
2680.000	10.000	-22.998	0.394
2690.000	10.000	-23.258	0.394
2700.000	10.000	-23.332	0.393
2710.000	10.000	-23.625	0.394
2720.000	10.000	-23.625	0.395
2730.000	10.000	-23.698	0.396
2740.000	10.000	-23.618	0.396
2750.000	10.000	-24.041	0.396
2760.000	10.000	-24.041	0.397
2770.000	10.000	-24.188	0.396
2780.000	10.000	-24.334	0.395
2790.000	10.000	-24.513	0.396
2800.000	10.000	-24.367	0.397
2810.000	10.000	-24.725	0.395
2820.000	10.000	-24.798	0.396
2830.000	10.000	-25.164	0.395
2840.000	10.000	-25.171	0.397
2850.000	10.000	-25.041	0.394
2860.000	10.000	-25.187	0.396
2870.000	10.000	-25.187	0.400
2880.000	10.000	-25.334	0.395
2890.000	10.000	-25.014	0.396
2900.000	10.000	-25.909	0.394
2910.000	10.000	-25.551	0.391
2920.000	10.000	-25.991	0.391
2930.000	10.000	-25.771	0.391
2940.000	10.000	-26.137	0.394
2950.000	10.000	-25.831	0.391
2960.000	10.000	-26.270	0.396
2970.000	10.000	-26.563	0.397
2980.000	10.000	-26.710	0.395
2990.000	10.000	-27.176	0.395
3000.000	10.000	-26.720	0.399
3010.000	10.000	-26.760	0.396
3020.000	10.000	-26.752	0.397
3030.000	10.000	-27.045	0.395
3040.000	10.000	-27.558	0.396
3050.000	10.000	-27.717	0.396
3060.000	10.000	-27.644	0.396
3070.000	10.000	-27.524	0.394
3080.000	10.000	-27.817	0.397
3090.000	10.000	-28.110	0.394
3100.000	10.000	-28.330	0.394
3110.000	10.000	-28.510	0.395
3120.000	10.000	-28.445	0.394
3130.000	10.000	-28.525	0.396
3140.000	10.000	-28.712	0.397
3150.000	10.000	-28.931	0.394
3160.000	10.000	-29.005	0.391
3170.000	10.000	-29.710	0.391
3180.000	10.000	-29.564	0.394
3190.000	10.000	-29.344	0.394
3200.000	10.000	-29.857	0.394
3210.000	10.000	-29.930	0.396
3220.000	10.000	-30.150	0.397
3230.000	10.000	-30.583	0.395
3240.000	10.000	-30.103	0.396
3250.000	10.000	-30.322	0.395
3260.000	10.000	-30.973	0.395
3270.000	10.000	-30.680	0.393
3280.000	10.000	-30.973	0.394
3290.000	10.000	-31.413	0.397
3300.000	10.000	-31.413	0.396
3310.000	10.000	-31.413	0.396
3320.000	10.000	-32.072	0.396
3330.000	10.000	-32.145	0.396
3340.000	10.000	-32.145	0.396
3350.000	10.000	-32.731	0.396
3360.000	10.000	-32.666	0.395
3370.000	10.000	-32.666	0.395
3380.000	10.000	-32.812	0.400
3390.000	10.000	-33.252	0.393
3400.000	10.000	-33.252	0.393
3410.000	10.000	-33.325	0.394
3420.000	10.000	-33.838	0.395
3430.000	10.000	-33.838	0.395
3440.000	10.000	-33.838	0.394
3450.000	10.000	-34.497	0.395
3460.000	10.000	-34.497	0.395
3470.000	10.000	-34.204	0.395
3480.000	10.000	-34.497	0.397
3490.000	10.000	-34.497	0.397
3500.000	10.000	-34.937	0.395
3510.000	10.000	-35.156	0.396
3520.000	10.000	-35.156	0.396
3530.000	10.000	-35.303	0.396
3540.000	10.000	-36.035	0.400
3550.000	10.000	-36.035	0.400
3560.000	10.000	-35.815	0.395
3570.000	10.000	-36.255	0.396
3580.000	10.000	-35.915	0.396
3590.000	10.000	-36.933	0.401
3600.000	10.000	-36.933	0.395
3610.000	10.000	-36.859	0.395
3620.000	10.000	-37.299	0.399
3630.000	10.000	-37.299	0.394
3640.000	10.000	-37.372	0.394
3650.000	10.000	-37.958	0.393
3660.000	10.000	-38.251	0.394
3670.000	10.000	-38.251	0.395
3680.000	10.000	-38.883	0.393
3690.000	10.000	-38.232	0.396
3700.000	10.000	-38.219	0.397
3710.000	10.000	-39.277	0.397
3720.000	10.000	-39.424	0.397
3730.000	10.000	-39.643	0.394
3740.000	10.000	-39.863	0.394
3750.000	10.000	-39.643	0.396
3760.000	10.000	-39.424	0.397
3770.000	10.000	-40.319	0.396
3780.000	10.000	-40.538	0.395
3790.000	10.000	-41.051	0.395
3800.000	10.000	-41.431	0.396
3810.000	10.000	-40.519	0.397
3820.000	10.000	-40.632	0.396
3830.000	10.000	-41.316	0.396
3840.000	10.000	-41.682	0.395
3850.000	10.000	-41.609	0.395
3860.000	10.000	-42.122	0.393
3870.000	10.000	-41.959	0.394
3880.000	10.000	-41.772	0.393
3890.000	10.000	-42.480	0.394
3900.000	10.000	-42.554	0.394
3910.000	10.000	-43.066	0.394
3920.000	10.000	-43.100	0.396
3930.000	10.000	-42.856	0.396
3940.000	10.000	-42.669	0.396
3950.000	10.000	-43.532	0.396
3960.000	10.000	-43.678	0.395
3970.000	10.000	-43.825	0.394
3980.000	10.000	-44.011	0.399
3990.000	10.000	-43.450	0.395
4000.000	10.000	-43.743	0.400
4010.000	10.000	-43.816	0.397
4020.000	10.000	-44.402	0.395
4030.000	10.000	-44.269	0.395
4040.000	10.000	-45.171	0.396
4050.000	10.000	-44.748	0.396
4060.000	10.000	-45.041	0.396
4070.000	10.000	-44.968	0.397
4080.000	10.000	-45.334	0.393
4090.000	10.000	-45.274	0.393
4100.000	10.000	-45.697	0.393
4110.000	10.000	-45.844	0.391
4120.000	10.000	-45.917	0.400
4130.000	10.000	-45.977	0.393
4140.000	10.000	-45.700	0.394
4150.000	10.000	-45.554	0.395
4160.000	10.000	-45.985	0.399
4170.000	10.000	-46.131	0.395
4180.000	10.000	-46.484	0.397
4190.000	10.000	-46.484	0.397
4200.000	10.000	-46.501	0.400
4210.000	10.000	-46.501	0.395
4220.000	10.000	-46.501	0.397
4230.000	10.000	-46.867	0.395
4240.000	10.000	-47.233	0.396
4250.000	10.000	-47.380	0.397
4260.000	10.000	-47.241	0.396
4270.000	10.000	-47.021	0.396
4280.000	10.000	-47.469	0.396
4290.000	10.000	-47.689	0.396
4300.000	10.000	-47.616	0.394
4310.000	10.000	-47.762	0.393
4320.000	10.000	-47.909	0.394
4330.000	10.000	-47.749	0.394
4340.000	10.000	-47.903	0.395
4350.000	10.000	-48.123	0.396
4360.000	10.000	-48.050	0.395
4370.000	10.000	-48.416	0.399
4380.000	10.000	-48.042	0.395
4390.000	10.000	-47.948	0.397
4400.000	10.000	-48.331	0.395
4410.000	10.000	-48.551	0.397
4420.000	10.000	-48.770	0.395
4430.000	10.000	-49.150	0.395
4440.000	10.000	-48.776	0.394
4450.000	10.000	-48.742	0.396
4460.000	10.000	-49.198	0.396
4470.000	10.000	-49.491	0.394
4480.000	10.000	-49.491	0.397
4490.000	10.000	-50.024	0.396
4500.000	10.000	-49.788	0.396
4510.000	10.000	-49.741	0.393
4520.000	10.000	-50.058	0.393
4530.000	10.000	-50.132	0.394
4540.000	10.000	-49.892	0.396
4550.000	10.000	-50.698	0.396
4560.000	10.000	-50.755	0.396
4570.000	10.000	-50.429	0.395
4580.000	10.000	-51.129	0.397
4590.000	10.000	-50.982	0.397
4600.000	10.000	-50.923	0.394
4610.000	10.000	-51.759	0.395
4620.000	10.000	-51.661	0.396
4630.000	10.000	-51.341	0.394
4640.000	10.000	-52.362	0.396
4650.000	10.000	-51.955	0.397
4660.000	10.000	-52.029	0.395
4670.000	10.000	-52.575	0.396
4680.000	10.000	-52.241	0.395
4690.000	10.000	-52.587	0.396
4700.000	10.000	-53.290	0.397
4710.000	10.000	-52.794	0.393
4720.000	10.000	-52.794	0.393
4730.000	10.000	-53.553	0.391
4740.000	10.000	-53.431	0.395
4750.000	10.000	-53.297	0.395
4760.000	10.000	-54.144	0.395
4770.000	10.000	-54.144	0.395
4780.000	10.000	-54.217	0.394
4790.000	10.000	-54.603	0.397
4800.000	10.000	-54.253	0.394
4810.000	10.000	-54.513	0.397
4820.000	10.000	-55.180	0.395
4830.000	10.000	-55.180	0.395
4840.000	10.000	-55.253	0.394
4850.000	10.000	-55.753	0.396
4860.000	10.000	-55.199	0.396
4870.000	10.000	-55.386	0.396
4880.000	10.000	-56.053	0.396
4890.000	10.000	-56.053	0.391
4900.000	10.000	-56.346	0.396
4910.000	10.000	-56.819	0.395
4920.000	10.000	-56.591	0.391
4930.000	10.000	-56.365	0.395
4940.000	10.000	-57.309	0.394
4950.000	10.000	-57.455	0.396
4960.000	10.000	-57.895	0.396
4970.000	10.000	-57.928	0.395
4980.000	10.000	-57.920	0.395
4990.000	10.000	-57.933	0.396
5000.000	10.000	-58.722	0.396
5010.000	10.000	-58.430	0.395
5020.000	10.000	-58.796	0.396
5030.000	10.000	-59.462	0.394
5040.000	10.000	-58.957	0.395
5050.000	10.000	-59.323	0.397
5060.000	10.000	-58.957	0.396
5070.000	10.000	-59.836	0.396
5080.000	10.000	-59.297	0.395
5090.000	10.000	-60.244	0.396
5100.000	10.000	-59.967	0.399
5110.000	10.000	-60.260	0.397
5120.000	10.000	-60.187	0.393
5130.000	10.000	-60.480	0.393
5140.000	10.000	-60.333	0.394
5150.000	10.000	-60.593	0.395
5160.000	10.000	-61.033	0.394
5170.000	10.000	-61.033	0.396
5180.000	10.000	-61.499	0.397
5190.000	10.000	-61.198	0.394
5200.000	10.000	-60.972	0.395
5210.000	10.000	-61.468	0.395
5220.000	10.000	-61.761	0.396
5230.000	10.000	-61.834	0.395
5240.000	10.000	-62.054	0.394
5250.000	10.000	-62.013	0.391
5260.000	10.000	-61.847	0.396
5270.000	10.000	-62.066	0.395
5280.000	10.000	-62.506	0.395
5290.000	10.000	-62.579	0.394
5300.000	10.000	-62.659	0.394
5310.000	10.000	-62.602	0.395
5320.000	10.000	-62.362	0.394
5330.000	10.000	-62.729	0.395
5340.000	10.000	-63.022	0.394
5350.000	10.000	-62.855	0.396
5360.000	10.000	-63.388	0.395
5370.000	10.000	-63.168	0.395
5380.000	10.000	-62.995	0.396
5390.000	10.000	-63.223	0.395
5400.000	10.000	-63.589	0.396
5410.000	10.000	-63.276	0.395
5420.000	10.000	-64.134	0.396
5430.000	10.000	-63.988	0.396
5440.000	10.000	-63.475	0.397
5450.000	10.000	-64.496	0.395
5460.000	10.000	-64.496	0.395
5470.000	10.000	-63.850	0.391
5480.000	10.000	-64.723	0.394
5490.000	10.000	-64.715	0.393
5500.000	10.000	-64.335	0.394
5510.000	10.000	-64.657	0.394
5520.000	10.000	-64.657	0.394
5530.000	10.000	-65.609	0.395
5540.000	10.000	-65.609	0.395
5550.000	10.000	-64.901	0.394
5560.000	10.000	-64.901	0.394
5570.000	10.000	-65.766	0.395
5580.000	10.000	-65.433	0.395
5590.000	10.000	-65.433	0.395
5600.000	10.000	-65.959	0.395
5610.000	10.000	-65.845	0.397
5620.000	10.000	-65.845	0.397
5630.000	10.000	-65.845	0.394
5640.000	10.000	-66.211	0.395
5650.000	10.000	-66.211	0.395
5660.000	10.000	-66.577	0.393
5670.000	10.000	-66.650	0.394
5680.000	10.000	-66.650	0.394
5690.000	10.000	-66.577	0.393
5700.000	10.000	-67.163	0.395
5710.000	10.000	-67.163	0.395
5720.000	10.000	-67.310	0.397
5730.000	10.000	-67.603	0.395
5740.000	10.000	-67.396	0.396
5750.000	10.000	-68.365	0.400
5760.000	10.000	-68.072	0.396
5770.000	10.000	-68.731	0.395
5780.000	10.000	-68.584	0.396
5790.000	10.000	-68.950	0.395
5800.000	10.000	-68.385	0.397
5810.000	10.000	-69.540	0.395
5820.000	10.000	-69.540	0.393
5830.000	10.000	-69.687	0.391
5840.000	10.000	-70.040	0.395
5850.000	10.000	-69.950	0.391
5860.000	10.000	-69.737	0.393
5870.000	10.000	-70.290	0.393
5880.000	10.000	-70.730	0.397
5890.000	10.000	-71.096	0.395
5900.000	10.000	-71.589	0.396
5910.000	10.000	-70.873	0.396
5920.000	10.000	-70.793	0.396
5930.000	10.000	-71.590	0.396
5940.000	10.000	-71.883	0.396
5950.000	10.000	-71.663	0.396
5960.000	10.000	-72.316	0.396
5970.000	10.000	-71.763	0.396
5980.000	10.000	-71.922	0.395
5990.000	10.000	-72.256	0.395
6000.000	10.000	-72.769	0.401
6010.000	10.000	-72.769	0.393
6020.000	10.000	-73.508	0.394
6030.000	10.000	-72.784	0.391
6040.000	10.000	-72.471	0.397
6050.000	10.000	-73.349	0.332
6060.000	10.000	-73.496	0.244
6070.000	10.000	-74.009	0.179
6080.000	10.000	-73.922	0.133
6090.000	10.000	-73.588	0.098
6100.000	10.000	-72.916	0.073
6110.000	10.000	-73.713	0.057
6120.000	10.000	-73.640	0.041
6130.000	10.000	-73.567	0.031
6140.000	10.000	-74.246	0.024
6150.000	10.000	-73.587	0.015
6160.000	10.000	-73.587	0.015
6170.000	10.000	-73.001	0.012
6180.000	10.000	-73.221	0.007
6190.000	10.000	-72.482	0.008
6200.000	10.000	-73.651	0.004
6210.000	10.000	-72.853	0.003
6220.000	10.000	-72.707	0.001
6230.000	10.000	-72.707	0.001
6240.000	10.000	-72.633	0.004
6250.000	10.000	-72.047	0.003
6260.000	10.000	-72.340	0.004
6270.000	10.000	-72.047	0.006
6280.000	10.000	-72.047	0.006
6290.000	10.000	-72.786	0.006
6300.000	10.000	-71.851	0.004
6310.000	10.000	-71.851	0.004
6320.000	10.000	-71.704	0.004
6330.000	10.000	-71.484	0.001
6340.000	10.000	-71.484	0.001
6350.000	10.000	-71.338	0.003
6360.000	10.000	-71.118	-0.000
6370.000	10.000	-71.118	-0.000
6380.000	10.000	-71.118	0.001
6390.000	10.000	-70.752	-0.002
6400.000	10.000	-70.898	0.001
6410.000	10.000	-70.752	-0.002
6420.000	10.000	-70.752	0.002
6430.000	10.000	-70.026	0.002
6440.000	10.000	-70.710	0.002
6450.000	10.000	-70.637	-0.000
6460.000	10.000	-70.710	0.003
6470.000	10.000	-70.417	0.007
6480.000	10.000	-70.270	0.004
6490.000	10.000	-69.897	0.007
6500.000	10.000	-70.435	0.004
6510.000	10.000	-70.435	0.001
6520.000	10.000	-69.862	0.003
6530.000	10.000	-71.068	0.002
6540.000	10.000	-70.458	0.001
6550.000	10.000	-70.311	-0.000
6560.000	10.000	-70.091	0.002
6570.000	10.000	-70.384	-0.002
6580.000	10.000	-69.958	-0.000
6590.000	10.000	-70.868	0.004
6600.000	10.000	-70.111	0.003
6610.000	10.000	-70.537	0.004
6620.000	10.000	-69.838	0.003
6630.000	10.000	-69.691	0.004
6640.000	10.000	-69.691	0.004
6650.000	10.000	-69.911	0.007
6660.000	10.000	-69.838	0.004
6670.000	10.000	-69.385	0.004
6680.000	10.000	-70.332	0.002
6690.000	10.000	-70.014	0.002
6700.000	10.000	-69.528	0.002
6710.000	10.000	-69.927	-0.002
6720.000	10.000	-69.927	-0.002
6730.000	10.000	-69.754	-0.000
6740.000	10.000	-70.185	0.001
6750.000	10.000	-69.892	0.001
6760.000	10.000	-69.613	0.002
6770.000	10.000	-70.700	0.002
6780.000	10.000	-69.886	-0.000
6790.000	10.000	-69.294	0.003
6800.000	10.000	-70.455	0.004
6810.000	10.000	-69.837	0.004
6820.000	10.000	-69.357	0.007
6830.000	10.000	-70.230	0.006
6840.000	10.000	-69.946	0.003
6850.000	10.000	-69.446	0.002
6860.000	10.000	-70.475	0.002
6870.000	10.000	-69.620	0.001
6880.000	10.000	-69.553	-0.002
6890.000	10.000	-70.382	-0.002
6900.000	10.000	-69.780	-0.000
6910.000	10.000	-69.141	-0.000
6920.000	10.000	-70.694	0.002
6930.000	10.000	-69.701	-0.000
6940.000	10.000	-69.269	0.003
6950.000	10.000	-70.053	0.006
6960.000	10.000	-69.597	0.004
6970.000	10.000	-68.831	0.004
6980.000	10.000	-69.712	0.006
6990.000	10.000	-68.963	0.004
7000.000	10.000	-68.537	0.003
7010.000	10.000	-69.550	0.001
7020.000	10.000	-68.476	0.001
