% Time (s)	Gyro Output (rads/s)	Input Rate (RPM)	%2/10/20261:22 PM
0.000	0.000	0.000
3515.520	0.000	0.000
3515.530	0.000	0.000
3515.540	0.000	0.000
3515.550	0.000	0.000
3515.560	0.000	0.000
3515.570	0.000	0.073
3515.580	0.000	0.073
3515.590	0.000	0.073
3515.600	0.000	0.366
3515.610	-0.050	0.366
3515.620	-0.050	0.659
3515.630	-0.050	0.879
3515.640	-0.150	1.079
3515.650	-0.150	1.323
3515.660	-0.150	1.543
3515.670	-0.240	1.762
3515.680	-0.240	1.982
3515.690	-0.240	2.348
3515.700	-0.330	2.801
3515.710	-0.330	3.224
3515.720	-0.330	3.371
3515.730	-0.410	3.590
3515.740	-0.410	3.903
3515.750	-0.410	4.318
3515.760	-0.480	4.498
3515.770	-0.480	4.767
3515.780	-0.480	4.986
3515.790	-0.550	5.499
3515.800	-0.550	5.632
3515.810	-0.550	5.649
3515.820	-0.610	6.075
3515.830	-0.610	6.368
3515.840	-0.610	6.441
3515.850	-0.660	6.661
3515.860	-0.660	7.140
3515.870	-0.660	7.311
3515.880	-0.700	7.750
3515.890	-0.700	7.531
3515.900	-0.700	7.457
3515.910	-0.720	7.824
3515.920	-0.720	7.837
3515.930	-0.720	8.350
3515.940	-0.750	8.350
3515.950	-0.750	8.203
3515.960	-0.750	8.496
3515.970	-0.770	8.496
3515.980	-0.770	8.350
3515.990	-0.770	8.789
3516.000	-0.790	8.789
3516.010	-0.790	8.423
3516.020	-0.790	8.716
3516.030	-0.790	8.716
3516.040	-0.790	8.496
3516.050	-0.790	8.716
3516.060	-0.780	8.716
3516.070	-0.780	8.423
3516.080	-0.780	8.423
3516.090	-0.750	8.423
3516.100	-0.750	8.569
3516.110	-0.750	8.643
3516.120	-0.730	8.203
3516.130	-0.730	7.983
3516.140	-0.730	8.130
3516.150	-0.700	7.770
3516.160	-0.700	8.006
3516.170	-0.700	7.933
3516.180	-0.640	7.420
3516.190	-0.640	7.201
3516.200	-0.640	6.981
3516.210	-0.560	6.988
3516.220	-0.560	6.971
3516.230	-0.560	6.678
3516.240	-0.490	6.312
3516.250	-0.490	6.159
3516.260	-0.490	5.557
3516.270	-0.410	5.091
3516.280	-0.410	4.904
3516.290	-0.410	4.611
3516.300	-0.330	4.171
3516.310	-0.330	3.798
3516.320	-0.330	3.595
3516.330	-0.240	3.355
3516.340	-0.240	3.013
3516.350	-0.240	2.574
3516.360	-0.140	2.354
3516.370	-0.140	2.161
3516.380	-0.140	1.835
3516.390	-0.040	1.616
3516.400	-0.040	1.241
3516.410	-0.040	0.802
3516.420	0.060	0.303
3516.430	0.060	-0.223
3516.440	0.060	-0.833
3516.450	0.170	-1.173
3516.460	0.170	-1.571
3516.470	0.170	-1.938
3516.480	0.280	-2.204
3516.490	0.280	-2.529
3516.500	0.280	-2.888
3516.510	0.370	-3.327
3516.520	0.370	-3.706
3516.530	0.370	-3.894
3516.540	0.470	-4.187
3516.550	0.470	-4.799
3516.560	0.470	-4.986
3516.570	0.570	-5.226
3516.580	0.570	-5.936
3516.590	0.570	-6.416
3516.600	0.670	-6.783
3516.610	0.670	-7.295
3516.620	0.670	-7.442
3516.630	0.760	-7.662
3516.640	0.760	-8.142
3516.650	0.760	-8.142
3516.660	0.850	-8.947
3516.670	0.850	-9.220
3516.680	0.850	-9.342
3516.690	0.940	-9.602
3516.700	0.940	-10.261
3516.710	0.940	-10.115
3516.720	1.030	-10.481
3516.730	1.030	-10.994
3516.740	1.030	-11.246
3516.750	1.080	-11.432
3516.760	1.080	-11.579
3516.770	1.080	-12.092
3516.780	1.140	-12.458
3516.790	1.140	-12.532
3516.800	1.140	-12.532
3516.810	1.210	-13.191
3516.820	1.210	-13.337
3516.830	1.210	-13.704
3516.840	1.280	-13.844
3516.850	1.280	-14.162
3516.860	1.280	-14.162
3516.870	1.320	-14.242
3516.880	1.320	-14.486
3516.890	1.320	-14.884
3516.900	1.370	-14.818
3516.910	1.370	-14.997
3516.920	1.370	-15.217
3516.930	1.390	-15.004
3516.940	1.390	-15.344
3516.950	1.390	-15.572
3516.960	1.410	-15.638
3516.970	1.410	-15.949
3516.980	1.410	-15.778
3516.990	1.430	-15.771
3517.000	1.430	-16.082
3517.010	1.430	-15.903
3517.020	1.420	-16.110
3517.030	1.420	-16.176
3517.040	1.420	-15.916
3517.050	1.410	-15.769
3517.060	1.410	-15.865
3517.070	1.410	-15.695
3517.080	1.380	-15.621
3517.090	1.380	-15.717
3517.100	1.380	-15.400
3517.110	1.350	-15.120
3517.120	1.350	-15.313
3517.130	1.350	-15.093
3517.140	1.310	-14.880
3517.150	1.310	-15.206
3517.160	1.310	-14.677
3517.170	1.270	-14.530
3517.180	1.270	-14.457
3517.190	1.270	-14.148
3517.200	1.210	-14.021
3517.210	1.210	-13.910
3517.220	1.210	-13.658
3517.230	1.130	-13.278
3517.240	1.130	-13.182
3517.250	1.130	-12.417
3517.260	1.050	-12.584
3517.270	1.050	-11.729
3517.280	1.050	-11.729
3517.290	0.950	-11.509
3517.300	0.950	-11.001
3517.310	0.950	-11.001
3517.320	0.850	-10.062
3517.330	0.850	-10.011
3517.340	0.850	-9.587
3517.350	0.740	-9.161
3517.360	0.740	-8.710
3517.370	0.740	-8.612
3517.380	0.630	-8.126
3517.390	0.630	-7.516
3517.400	0.630	-7.076
3517.410	0.520	-6.577
3517.420	0.520	-6.466
3517.430	0.520	-6.018
3517.440	0.400	-5.406
3517.450	0.400	-5.132
3517.460	0.400	-4.611
3517.470	0.260	-3.999
3517.480	0.260	-3.777
3517.490	0.260	-3.362
3517.500	0.120	-2.989
3517.510	0.120	-2.390
3517.520	0.120	-1.828
3517.530	-0.020	-1.329
3517.540	-0.020	-0.818
3517.550	-0.020	-0.273
3517.560	-0.140	0.286
3517.570	-0.140	0.797
3517.580	-0.140	1.334
3517.590	-0.250	1.740
3517.600	-0.250	2.214
3517.610	-0.250	2.799
3517.620	-0.340	3.126
3517.630	-0.340	3.399
3517.640	-0.340	3.595
3517.650	-0.440	3.841
3517.660	-0.440	4.470
3517.670	-0.440	4.812
3517.680	-0.520	5.051
3517.690	-0.520	5.532
3517.700	-0.520	5.858
3517.710	-0.600	5.738
3517.720	-0.600	6.071
3517.730	-0.600	6.763
3517.740	-0.680	6.989
3517.750	-0.680	7.565
3517.760	-0.680	7.565
3517.770	-0.770	7.711
3517.780	-0.770	8.399
3517.790	-0.770	8.538
3517.800	-0.840	8.830
3517.810	-0.840	9.243
3517.820	-0.840	9.390
3517.830	-0.910	9.490
3517.840	-0.910	9.963
3517.850	-0.910	10.150
3517.860	-0.980	10.150
3517.870	-0.980	10.883
3517.880	-0.980	10.614
3517.890	-1.030	10.980
3517.900	-1.030	10.834
3517.910	-1.030	11.347
3517.920	-1.060	11.533
3517.930	-1.060	11.799
3517.940	-1.060	11.612
3517.950	-1.090	11.832
3517.960	-1.090	12.052
3517.970	-1.090	11.905
3517.980	-1.100	11.819
3517.990	-1.100	12.128
3518.000	-1.100	12.421
3518.010	-1.100	12.274
3518.020	-1.100	12.308
3518.030	-1.100	12.161
3518.040	-1.110	12.408
3518.050	-1.110	12.082
3518.060	-1.110	12.082
3518.070	-1.090	12.082
3518.080	-1.090	12.535
3518.090	-1.090	12.006
3518.100	-1.070	12.006
3518.110	-1.070	12.006
3518.120	-1.070	11.713
3518.130	-1.050	11.713
3518.140	-1.050	11.540
3518.150	-1.050	11.719
3518.160	-1.010	11.719
3518.170	-1.010	11.499
3518.180	-1.010	11.060
3518.190	-0.950	11.166
3518.200	-0.950	10.898
3518.210	-0.950	10.751
3518.220	-0.890	10.312
3518.230	-0.890	10.092
3518.240	-0.890	10.165
3518.250	-0.820	9.579
3518.260	-0.820	9.538
3518.270	-0.820	9.246
3518.280	-0.740	8.879
3518.290	-0.740	8.480
3518.300	-0.740	8.382
3518.310	-0.660	7.883
3518.320	-0.660	7.801
3518.330	-0.660	7.728
3518.340	-0.560	7.142
3518.350	-0.560	6.703
3518.360	-0.560	6.011
3518.370	-0.450	5.498
3518.380	-0.450	5.425
3518.390	-0.450	5.205
3518.400	-0.340	4.659
3518.410	-0.340	4.304
3518.420	-0.340	3.873
3518.430	-0.230	3.434
3518.440	-0.230	2.994
3518.450	-0.230	2.774
3518.460	-0.120	2.475
3518.470	-0.120	2.182
3518.480	-0.120	1.742
3518.490	0.000	1.163
3518.500	0.000	0.749
3518.510	0.000	0.358
3518.520	0.100	-0.061
3518.530	0.100	-0.607
3518.540	0.100	-0.973
3518.550	0.220	-1.512
3518.560	0.220	-2.067
3518.570	0.220	-2.360
3518.580	0.320	-2.693
3518.590	0.320	-2.952
3518.600	0.320	-3.237
3518.610	0.410	-3.689
3518.620	0.410	-4.059
3518.630	0.410	-4.320
3518.640	0.490	-4.626
3518.650	0.490	-5.055
3518.660	0.490	-5.153
3518.670	0.580	-5.393
3518.680	0.580	-5.955
3518.690	0.580	-6.435
3518.700	0.660	-6.801
3518.710	0.660	-7.341
3518.720	0.660	-7.504
3518.730	0.740	-7.517
3518.740	0.740	-8.057
3518.750	0.740	-7.968
3518.760	0.810	-8.381
3518.770	0.810	-8.906
3518.780	0.810	-8.816
3518.790	0.860	-9.143
3518.800	0.860	-9.468
3518.810	0.860	-9.647
3518.820	0.920	-9.647
3518.830	0.920	-10.269
3518.840	0.920	-10.155
3518.850	0.970	-10.614
3518.860	0.970	-10.755
3518.870	0.970	-10.722
3518.880	1.020	-11.048
3518.890	1.020	-11.463
3518.900	1.020	-11.430
3518.910	1.040	-11.044
3518.920	1.040	-11.614
3518.930	1.040	-11.785
3518.940	1.070	-11.758
3518.950	1.070	-11.876
3518.960	1.070	-11.909
3518.970	1.090	-12.215
3518.980	1.090	-12.141
3518.990	1.090	-11.767
3519.000	1.080	-11.740
3519.010	1.080	-12.436
3519.020	1.080	-12.086
3519.030	1.080	-11.893
3519.040	1.080	-12.196
3519.050	1.080	-12.204
3519.060	1.070	-11.898
3519.070	1.070	-11.950
3519.080	1.070	-11.844
3519.090	1.050	-12.004
3519.100	1.050	-11.981
3519.110	1.050	-11.599
3519.120	1.010	-11.646
3519.130	1.010	-11.912
3519.140	1.010	-11.489
3519.150	0.970	-10.896
3519.160	0.970	-11.170
3519.170	0.970	-10.665
3519.180	0.900	-10.845
3519.190	0.900	-10.327
3519.200	0.900	-10.156
3519.210	0.820	-9.843
3519.220	0.820	-9.740
3519.230	0.820	-9.374
3519.240	0.750	-9.094
3519.250	0.750	-8.865
3519.260	0.750	-8.384
3519.270	0.650	-8.238
3519.280	0.650	-7.676
3519.290	0.650	-7.375
3519.300	0.550	-7.168
3519.310	0.550	-6.887
3519.320	0.550	-6.431
3519.330	0.450	-5.599
3519.340	0.450	-5.325
3519.350	0.450	-5.049
3519.360	0.340	-4.829
3519.370	0.340	-4.463
3519.380	0.340	-4.113
3519.390	0.250	-3.733
3519.400	0.250	-3.297
3519.410	0.250	-2.719
3519.420	0.130	-2.279
3519.430	0.130	-2.013
3519.440	0.130	-1.688
3519.450	-0.010	-1.261
3519.460	-0.010	-0.659
3519.470	-0.010	-0.073
3519.480	-0.140	0.413
3519.490	-0.140	0.953
3519.500	-0.140	1.409
3519.510	-0.260	1.815
3519.520	-0.260	2.140
3519.530	-0.260	2.507
3519.540	-0.370	2.906
3519.550	-0.370	3.587
3519.560	-0.370	3.937
3519.570	-0.460	4.183
3519.580	-0.460	4.568
3519.590	-0.460	4.893
3519.600	-0.540	5.133
3519.610	-0.540	5.370
3519.620	-0.540	5.777
3519.630	-0.630	6.276
3519.640	-0.630	6.690
3519.650	-0.630	6.829
3519.660	-0.710	7.115
3519.670	-0.710	7.381
3519.680	-0.710	7.902
3519.690	-0.810	8.035
3519.700	-0.810	8.642
3519.710	-0.810	8.951
3519.720	-0.890	9.018
3519.730	-0.890	9.617
3519.740	-0.890	9.829
3519.750	-0.970	10.008
3519.760	-0.970	10.267
3519.770	-0.970	11.000
3519.780	-1.040	10.827
3519.790	-1.040	11.344
3519.800	-1.040	11.230
3519.810	-1.110	11.750
3519.820	-1.110	12.416
3519.830	-1.110	12.123
3519.840	-1.160	12.429
3519.850	-1.160	12.762
3519.860	-1.160	13.096
3519.870	-1.210	12.629
3519.880	-1.210	13.340
3519.890	-1.210	13.494
3519.900	-1.250	13.534
3519.910	-1.250	13.926
3519.920	-1.250	13.780
3519.930	-1.280	13.940
3519.940	-1.280	14.154
3519.950	-1.280	14.154
3519.960	-1.310	14.227
3519.970	-1.310	14.694
3519.980	-1.310	14.596
3519.990	-1.330	14.523
3520.000	-1.330	14.678
3520.010	-1.330	14.645
3520.020	-1.340	14.859
3520.030	-1.340	14.910
3520.040	-1.340	14.975
3520.050	-1.330	14.975
3520.060	-1.330	14.650
3520.070	-1.330	14.943
3520.080	-1.330	14.730
3520.090	-1.330	14.648
3520.100	-1.330	15.039
3520.110	-1.310	14.546
3520.120	-1.310	14.480
3520.130	-1.310	14.268
3520.140	-1.270	14.122
3520.150	-1.270	14.284
3520.160	-1.270	14.244
3520.170	-1.230	13.951
3520.180	-1.230	13.936
3520.190	-1.230	13.798
3520.200	-1.160	13.185
3520.210	-1.160	13.466
3520.220	-1.160	13.320
3520.230	-1.100	13.080
3520.240	-1.100	12.836
3520.250	-1.100	12.453
3520.260	-0.970	12.354
3520.270	-0.970	11.947
3520.280	-0.970	11.369
3520.290	-0.950	11.189
3520.300	-0.950	11.167
3520.310	-0.950	10.646
3520.320	-0.860	10.127
3520.330	-0.860	9.927
3520.340	-0.860	9.585
3520.350	-0.760	9.139
3520.360	-0.760	8.873
3520.370	-0.760	8.547
3520.380	-0.660	8.341
3520.390	-0.660	7.764
3520.400	-0.660	7.153
3520.410	-0.540	6.594
3520.420	-0.540	6.446
3520.430	-0.540	6.226
3520.440	-0.420	5.680
3520.450	-0.420	5.207
3520.460	-0.420	4.767
3520.470	-0.300	4.255
3520.480	-0.300	3.875
3520.490	-0.300	3.607
3520.500	-0.170	3.387
3520.510	-0.170	2.921
3520.520	-0.170	2.270
3520.530	-0.030	1.757
3520.540	-0.030	1.180
3520.550	-0.030	0.708
3520.560	0.090	0.195
3520.570	0.090	-0.244
3520.580	0.090	-0.757
3520.590	0.210	-1.243
3520.600	0.210	-1.715
3520.610	0.210	-2.228
3520.620	0.310	-2.760
3520.630	0.310	-3.249
3520.640	0.310	-3.371
3520.650	0.410	-3.590
3520.660	0.410	-3.810
3520.670	0.410	-4.250
3520.680	0.500	-4.556
3520.690	0.500	-4.941
3520.700	0.500	-5.347
3520.710	0.570	-5.714
3520.720	0.570	-5.694
3520.730	0.570	-5.865
3520.740	0.650	-6.431
3520.750	0.650	-6.878
3520.760	0.650	-7.464
3520.770	0.730	-7.684
3520.780	0.730	-7.744
3520.790	0.730	-8.191
3520.800	0.800	-8.191
3520.810	0.800	-8.191
3520.820	0.800	-8.997
3520.830	0.850	-8.997
3520.840	0.850	-9.375
3520.850	0.850	-9.375
3520.860	0.900	-9.668
3520.870	0.900	-9.741
3520.880	0.900	-9.961
3520.890	0.960	-10.147
3520.900	0.960	-10.497
3520.910	0.960	-10.864
3520.920	1.000	-10.557
3520.930	1.000	-11.135
3520.940	1.000	-11.208
3520.950	1.020	-11.381
3520.960	1.020	-10.958
3520.970	1.020	-11.251
3520.980	1.040	-11.438
3520.990	1.040	-11.837
3521.000	1.040	-11.414
3521.010	1.040	-11.367
3521.020	1.040	-11.722
3521.030	1.040	-11.731
3521.040	1.030	-11.364
3521.050	1.030	-11.411
3521.060	1.030	-11.541
3521.070	1.020	-11.614
3521.080	1.020	-11.428
3521.090	1.020	-11.208
3521.100	0.990	-11.355
3521.110	0.990	-11.548
3521.120	0.990	-11.133
3521.130	0.950	-10.607
3521.140	0.950	-11.022
3521.150	0.950	-10.729
3521.160	0.920	-10.949
3521.170	0.920	-10.363
3521.180	0.920	-10.509
3521.190	0.870	-10.063
3521.200	0.870	-10.014
3521.210	0.870	-9.721
3521.220	0.780	-9.448
3521.230	0.780	-9.315
3521.240	0.780	-8.973
3521.250	0.710	-8.620
3521.260	0.710	-8.108
3521.270	0.710	-8.327
3521.280	0.630	-7.768
3521.290	0.630	-7.457
3521.300	0.630	-6.994
3521.310	0.540	-6.494
3521.320	0.540	-6.531
3521.330	0.540	-6.165
3521.340	0.440	-5.619
3521.350	0.440	-5.427
3521.360	0.440	-5.060
3521.370	0.310	-4.508
3521.380	0.310	-4.286
3521.390	0.310	-3.944
3521.400	0.190	-3.564
3521.410	0.190	-3.047
3521.420	0.190	-2.477
3521.430	0.070	-2.111
3521.440	0.070	-1.778
3521.450	0.070	-1.298
3521.460	-0.040	-0.798
3521.470	-0.040	-0.236
3521.480	-0.040	0.301
3521.490	-0.170	0.781
3521.500	-0.170	1.321
3521.510	-0.170	1.695
3521.520	-0.270	2.061
3521.530	-0.270	2.427
3521.540	-0.270	2.940
3521.550	-0.380	3.453
3521.560	-0.380	3.759
3521.570	-0.380	4.036
3521.580	-0.460	4.209
3521.590	-0.460	4.690
3521.600	-0.460	5.015
3521.610	-0.540	5.381
3521.620	-0.540	5.674
3521.630	-0.540	6.187
3521.640	-0.640	6.207
3521.650	-0.640	6.354
3521.660	-0.640	7.013
3521.670	-0.730	7.452
3521.680	-0.730	8.012
3521.690	-0.730	8.003
3521.700	-0.810	8.070
3521.710	-0.810	8.794
3521.720	-0.810	9.087
3521.730	-0.890	9.380
3521.740	-0.890	9.653
3521.750	-0.890	10.166
3521.760	-0.970	10.239
3521.770	-0.970	10.679
3521.780	-0.970	11.265
3521.790	-1.050	11.265
3521.800	-1.050	11.564
3521.810	-1.050	11.572
3521.820	-1.110	11.486
3521.830	-1.110	12.023
3521.840	-1.110	12.536
3521.850	-1.160	12.609
3521.860	-1.160	12.755
3521.870	-1.160	12.828
3521.880	-1.230	13.341
3521.890	-1.230	12.902
3521.900	-1.230	13.488
3521.910	-1.250	13.494
3521.920	-1.250	14.012
3521.930	-1.250	13.988
3521.940	-1.290	13.988
3521.950	-1.290	14.061
3521.960	-1.290	14.208
3521.970	-1.310	14.214
3521.980	-1.310	14.458
3521.990	-1.310	14.751
3522.000	-1.310	14.678
3522.010	-1.310	14.745
3522.020	-1.310	14.460
3522.030	-1.320	14.373
3522.040	-1.320	14.764
3522.050	-1.320	14.544
3522.060	-1.300	14.691
3522.070	-1.300	14.684
3522.080	-1.300	14.220
3522.090	-1.290	14.300
3522.100	-1.290	14.153
3522.110	-1.290	14.227
3522.120	-1.260	14.227
3522.130	-1.260	14.167
3522.140	-1.260	13.923
3522.150	-1.210	13.683
3522.160	-1.210	13.618
3522.170	-1.210	13.618
3522.180	-1.150	13.618
3522.190	-1.150	13.099
3522.200	-1.150	12.586
3522.210	-1.090	12.586
3522.220	-1.090	12.732
3522.230	-1.090	11.634
3522.240	-1.020	11.634
3522.250	-1.020	11.873
3522.260	-1.020	11.353
3522.270	-0.950	11.040
3522.280	-0.950	10.380
3522.290	-0.950	10.600
3522.300	-0.840	10.008
3522.310	-0.840	9.804
3522.320	-0.840	9.365
3522.330	-0.730	9.092
3522.340	-0.730	8.563
3522.350	-0.730	8.123
3522.360	-0.620	7.830
3522.370	-0.620	7.468
3522.380	-0.620	7.175
3522.390	-0.520	6.675
3522.400	-0.520	6.365
3522.410	-0.520	5.762
3522.420	-0.400	5.157
3522.430	-0.400	4.868
3522.440	-0.400	4.445
3522.450	-0.270	3.912
3522.460	-0.270	3.261
3522.470	-0.270	2.838
3522.480	-0.130	2.398
3522.490	-0.130	1.799
3522.500	-0.130	1.311
3522.510	0.000	0.885
3522.520	0.000	0.604
3522.530	0.000	0.140
3522.540	0.110	-0.140
3522.550	0.110	-0.665
3522.560	0.110	-0.966
3522.570	0.250	-1.512
3522.580	0.250	-2.163
3522.590	0.250	-2.676
3522.600	0.390	-3.075
3522.610	0.390	-3.593
3522.620	0.390	-4.318
3522.630	0.480	-4.684
3522.640	0.480	-4.990
3522.650	0.480	-5.251
3522.660	0.580	-5.910
3522.670	0.580	-6.169
3522.680	0.580	-6.910
3522.690	0.690	-6.910
3522.700	0.690	-7.170
3522.710	0.690	-7.617
3522.720	0.760	-7.617
3522.730	0.760	-7.983
3522.740	0.760	-8.716
3522.750	0.850	-8.862
3522.760	0.850	-9.009
3522.770	0.850	-9.375
3522.780	0.920	-9.635
3522.790	0.920	-9.757
3522.800	0.920	-10.050
3522.810	0.990	-10.443
3522.820	0.990	-10.727
3522.830	0.990	-11.020
3522.840	1.030	-10.714
3522.850	1.030	-11.446
3522.860	1.030	-11.813
3522.870	1.080	-11.919
3522.880	1.080	-12.237
3522.890	1.080	-12.335
3522.900	1.130	-12.781
3522.910	1.130	-12.641
3522.920	1.130	-12.649
3522.930	1.180	-12.669
3522.940	1.180	-13.268
3522.950	1.180	-13.121
3522.960	1.200	-13.062
3522.970	1.200	-13.639
3522.980	1.200	-13.207
3522.990	1.220	-13.287
3523.000	1.220	-13.435
3523.010	1.220	-13.696
3523.020	1.230	-13.569
3523.030	1.230	-13.769
3523.040	1.230	-13.842
3523.050	1.210	-13.522
3523.060	1.210	-13.818
3523.070	1.210	-13.574
3523.080	1.210	-13.754
3523.090	1.210	-13.902
3523.100	1.210	-13.601
3523.110	1.200	-13.747
3523.120	1.200	-13.459
3523.130	1.200	-13.312
3523.140	1.160	-12.973
3523.150	1.160	-13.357
3523.160	1.160	-12.755
3523.170	1.110	-12.555
3523.180	1.110	-12.888
3523.190	1.110	-12.368
3523.200	1.060	-11.921
3523.210	1.060	-11.759
3523.220	1.060	-11.734
3523.230	0.970	-11.548
3523.240	0.970	-11.245
3523.250	0.970	-10.886
3523.260	0.890	-10.727
3523.270	0.890	-10.520
3523.280	0.890	-10.080
3523.290	0.820	-9.654
3523.300	0.820	-9.587
3523.310	0.820	-9.164
3523.320	0.730	-8.811
3523.330	0.730	-8.412
3523.340	0.730	-8.395
3523.350	0.630	-7.836
3523.360	0.630	-7.459
3523.370	0.630	-6.840
3523.380	0.520	-6.348
3523.390	0.520	-6.237
3523.400	0.520	-5.870
3523.410	0.400	-5.258
3523.420	0.400	-4.984
3523.430	0.400	-4.471
3523.440	0.280	-3.792
3523.450	0.280	-3.570
3523.460	0.280	-3.229
3523.470	0.150	-2.922
3523.480	0.150	-2.390
3523.490	0.150	-1.901
3523.500	0.030	-1.469
3523.510	0.030	-1.121
3523.520	0.030	-0.576
3523.530	-0.070	-0.136
3523.540	-0.070	0.283
3523.550	-0.070	0.747
3523.560	-0.170	1.187
3523.570	-0.170	1.613
3523.580	-0.170	1.979
3523.590	-0.280	2.445
3523.600	-0.280	2.867
3523.610	-0.280	3.225
3523.620	-0.380	3.371
3523.630	-0.380	3.591
3523.640	-0.380	4.177
3523.650	-0.480	4.557
3523.660	-0.480	4.915
3523.670	-0.480	5.281
3523.680	-0.570	5.720
3523.690	-0.570	5.767
3523.700	-0.570	5.865
3523.710	-0.650	6.450
3523.720	-0.650	6.890
3523.730	-0.650	7.329
3523.740	-0.710	7.456
3523.750	-0.710	7.589
3523.760	-0.710	8.037
3523.770	-0.790	8.310
3523.780	-0.790	8.481
3523.790	-0.790	8.993
3523.800	-0.860	9.073
3523.810	-0.860	9.350
3523.820	-0.860	9.643
3523.830	-0.930	9.962
3523.840	-0.930	9.925
3523.850	-0.930	10.292
3523.860	-0.990	10.392
3523.870	-0.990	10.680
3523.880	-0.990	10.729
3523.890	-1.020	10.569
3523.900	-1.020	11.449
3523.910	-1.020	11.392
3523.920	-1.060	11.359
3523.930	-1.060	11.463
3523.940	-1.060	11.886
3523.950	-1.080	11.986
3523.960	-1.080	11.845
3523.970	-1.080	11.870
3523.980	-1.090	12.043
3523.990	-1.090	12.723
3524.000	-1.090	12.129
3524.010	-1.100	12.149
3524.020	-1.100	12.305
3524.030	-1.100	12.321
3524.040	-1.090	11.802
3524.050	-1.090	12.149
3524.060	-1.090	12.190
3524.070	-1.080	12.210
3524.080	-1.080	11.988
3524.090	-1.080	11.833
3524.100	-1.050	11.880
3524.110	-1.050	11.917
3524.120	-1.050	11.575
3524.130	-1.020	11.322
3524.140	-1.020	11.744
3524.150	-1.020	11.443
3524.160	-0.990	11.143
3524.170	-0.990	10.855
3524.180	-0.990	11.123
3524.190	-0.920	10.531
3524.200	-0.920	10.753
3524.210	-0.920	10.110
3524.220	-0.860	9.897
3524.230	-0.860	10.052
3524.240	-0.860	9.637
3524.250	-0.780	9.124
3524.260	-0.780	9.302
3524.270	-0.780	8.838
3524.280	-0.690	8.192
3524.290	-0.690	8.370
3524.300	-0.690	7.735
3524.310	-0.620	7.588
3524.320	-0.620	7.508
3524.330	-0.620	6.874
3524.340	-0.510	6.401
3524.350	-0.510	5.994
3524.360	-0.510	5.310
3524.370	-0.400	5.017
3524.380	-0.400	4.711
3524.390	-0.400	4.028
3524.400	-0.290	3.775
3524.410	-0.290	3.506
3524.420	-0.290	3.067
3524.430	-0.170	2.554
3524.440	-0.170	2.294
3524.450	-0.170	1.969
3524.460	-0.050	1.676
3524.470	-0.050	1.293
3524.480	-0.050	0.854
3524.490	0.070	0.268
3524.500	0.070	-0.358
3524.510	0.070	-0.895
3524.520	0.190	-1.308
3524.530	0.190	-1.707
3524.540	0.190	-2.073
3524.550	0.310	-2.366
3524.560	0.310	-2.879
3524.570	0.310	-3.375
3524.580	0.430	-3.695
3524.590	0.430	-3.971
3524.600	0.430	-4.484
3524.610	0.520	-4.924
3524.620	0.520	-5.243
3524.630	0.520	-5.504
3524.640	0.620	-6.143
3524.650	0.620	-6.664
3524.660	0.620	-7.176
3524.670	0.700	-7.396
3524.680	0.700	-7.589
3524.690	0.700	-7.972
3524.700	0.790	-8.031
3524.710	0.790	-8.520
3524.720	0.790	-9.032
3524.730	0.870	-9.252
3524.740	0.870	-9.565
3524.750	0.870	-9.850
3524.760	0.950	-10.090
3524.770	0.950	-10.106
3524.780	0.950	-10.765
3524.790	1.030	-10.912
3524.800	1.030	-11.438
3524.810	1.030	-11.242
3524.820	1.090	-11.475
3524.830	1.090	-12.216
3524.840	1.090	-12.216
3524.850	1.150	-12.216
3524.860	1.150	-12.269
3524.870	1.150	-12.985
3524.880	1.190	-12.732
3524.890	1.190	-13.261
3524.900	1.190	-13.408
3524.910	1.230	-13.701
3524.920	1.230	-13.761
3524.930	1.230	-13.533
3524.940	1.270	-13.819
3524.950	1.270	-14.267
3524.960	1.270	-14.340
3524.970	1.300	-14.327
3524.980	1.300	-14.401
3524.990	1.300	-14.311
3525.000	1.300	-14.304
3525.010	1.300	-14.288
3525.020	1.300	-14.435
3525.030	1.310	-14.648
3525.040	1.310	-14.418
3525.050	1.310	-14.264
3525.060	1.300	-14.137
3525.070	1.300	-14.248
3525.080	1.300	-14.354
3525.090	1.260	-14.214
3525.100	1.260	-14.473
3525.110	1.260	-14.196
3525.120	1.240	-14.050
3525.130	1.240	-13.837
3525.140	1.240	-13.926
3525.150	1.190	-13.667
3525.160	1.190	-13.785
3525.170	1.190	-13.541
3525.180	1.130	-13.228
3525.190	1.130	-13.050
3525.200	1.130	-12.359
3525.210	1.060	-12.652
3525.220	1.060	-12.212
3525.230	1.060	-11.626
3525.240	1.000	-11.626
3525.250	1.000	-11.446
3525.260	1.000	-10.429
3525.270	0.910	-10.429
3525.280	0.910	-10.303
3525.290	0.910	-9.668
3525.300	0.810	-9.668
3525.310	0.810	-9.375
3525.320	0.810	-9.155
3525.330	0.710	-8.669
3525.340	0.710	-8.230
3525.350	0.710	-8.010
3525.360	0.620	-7.424
3525.370	0.620	-7.278
3525.380	0.620	-7.204
3525.390	0.520	-6.785
3525.400	0.520	-6.459
3525.410	0.520	-5.727
3525.420	0.410	-5.287
3525.430	0.410	-5.114
3525.440	0.410	-4.602
3525.450	0.290	-4.136
3525.460	0.290	-3.712
3525.470	0.290	-3.419
3525.480	0.150	-2.760
3525.490	0.150	-2.228
3525.500	0.150	-1.528
3525.510	0.060	-1.528
3525.520	0.060	-1.162
3525.530	0.060	-0.356
3525.540	-0.050	-0.356
3525.550	-0.050	0.203
3525.560	-0.050	1.025
3525.570	-0.160	1.025
3525.580	-0.160	1.392
3525.590	-0.160	1.904
3525.600	-0.270	1.904
3525.610	-0.270	2.271
3525.620	-0.270	3.296
3525.630	-0.370	3.296
3525.640	-0.370	3.662
3525.650	-0.370	4.395
3525.660	-0.460	4.395
3525.670	-0.460	4.761
3525.680	-0.460	4.980
3525.690	-0.540	5.293
3525.700	-0.540	5.977
3525.710	-0.540	6.270
3525.720	-0.610	6.270
3525.730	-0.610	6.636
3525.740	-0.610	6.783
3525.750	-0.680	6.803
3525.760	-0.680	7.210
3525.770	-0.680	7.503
3525.780	-0.760	7.942
3525.790	-0.760	8.435
3525.800	-0.760	8.117
3525.810	-0.850	8.590
3525.820	-0.850	8.989
3525.830	-0.850	9.062
3525.840	-0.890	9.355
3525.850	-0.890	9.628
3525.860	-0.890	9.807
3525.870	-0.950	9.927
3525.880	-0.950	10.358
3525.890	-0.950	10.212
3525.900	-0.990	10.871
3525.910	-0.990	11.025
3525.920	-0.990	11.025
3525.930	-1.030	10.798
3525.940	-1.030	11.392
3525.950	-1.030	11.759
3525.960	-1.060	11.832
3525.970	-1.060	11.712
3525.980	-1.060	11.793
3525.990	-1.060	11.940
3526.000	-1.060	11.940
3526.010	-1.060	11.720
3526.020	-1.080	11.807
3526.030	-1.080	12.228
3526.040	-1.080	12.001
3526.050	-1.080	11.708
3526.060	-1.080	11.781
3526.070	-1.080	12.001
3526.080	-1.070	11.668
3526.090	-1.070	11.537
3526.100	-1.070	11.537
3526.110	-1.050	11.757
3526.120	-1.050	11.744
3526.130	-1.050	11.402
3526.140	-1.020	11.282
3526.150	-1.020	11.543
3526.160	-1.020	11.176
3526.170	-0.970	10.957
3526.180	-0.970	10.630
3526.190	-0.970	10.980
3526.200	-0.900	10.461
3526.210	-0.900	10.583
3526.220	-0.900	9.997
3526.230	-0.830	9.851
3526.240	-0.830	9.751
3526.250	-0.830	9.344
3526.260	-0.760	8.911
3526.270	-0.760	8.927
3526.280	-0.760	8.634
3526.290	-0.670	7.902
3526.300	-0.670	7.835
3526.310	-0.670	7.347
3526.320	-0.580	7.081
3526.330	-0.580	6.837
3526.340	-0.580	6.324
3526.350	-0.470	6.104
3526.360	-0.470	5.805
3526.370	-0.470	5.129
3526.380	-0.380	4.883
3526.390	-0.380	4.614
3526.400	-0.380	4.028
3526.410	-0.270	3.516
3526.420	-0.270	3.269
3526.430	-0.270	2.854
3526.440	-0.150	2.401
3526.450	-0.150	1.889
3526.460	-0.150	1.523
3526.470	-0.040	1.156
3526.480	-0.040	0.744
3526.490	-0.040	0.353
3526.500	0.080	-0.013
3526.510	0.080	-0.453
3526.520	0.080	-0.892
3526.530	0.210	-1.165
3526.540	0.210	-1.705
3526.550	0.210	-2.145
3526.560	0.320	-2.731
3526.570	0.320	-3.097
3526.580	0.320	-3.463
3526.590	0.440	-3.916
3526.600	0.440	-4.510
3526.610	0.440	-4.876
3526.620	0.530	-5.096
3526.630	0.530	-5.555
3526.640	0.530	-6.027
3526.650	0.630	-6.254
3526.660	0.630	-6.644
3526.670	0.630	-7.084
3526.680	0.710	-7.230
3526.690	0.710	-7.583
3526.700	0.710	-7.722
3526.710	0.790	-8.161
3526.720	0.790	-8.820
3526.730	0.790	-8.893
3526.740	0.870	-9.080
3526.750	0.870	-9.472
3526.760	0.870	-9.887
3526.770	0.950	-9.887
3526.780	0.950	-10.400
3526.790	0.950	-10.546
3526.800	1.020	-10.992
3526.810	1.020	-10.943
3526.820	1.020	-11.017
3526.830	1.070	-11.416
3526.840	1.070	-11.978
3526.850	1.070	-11.946
3526.860	1.120	-11.946
3526.870	1.120	-12.312
3526.880	1.120	-12.532
3526.890	1.160	-12.432
3526.900	1.160	-12.499
3526.910	1.160	-13.133
3526.920	1.190	-13.060
3526.930	1.190	-13.466
3526.940	1.190	-13.596
3526.950	1.210	-13.596
3526.960	1.210	-13.523
3526.970	1.210	-13.523
3526.980	1.230	-13.663
3526.990	1.230	-13.804
3527.000	1.230	-13.877
3527.010	1.230	-13.804
3527.020	1.230	-13.877
3527.030	1.230	-13.730
3527.040	1.230	-13.471
3527.050	1.230	-13.788
3527.060	1.230	-13.568
3527.070	1.210	-13.715
3527.080	1.210	-13.648
3527.090	1.210	-13.315
3527.100	1.180	-13.315
3527.110	1.180	-13.022
3527.120	1.180	-12.948
3527.130	1.150	-12.948
3527.140	1.150	-13.208
3527.150	1.150	-12.671
3527.160	1.110	-12.964
3527.170	1.110	-12.451
3527.180	1.110	-12.085
3527.190	1.060	-12.085
3527.200	1.060	-12.231
3527.210	1.060	-11.499
3527.220	0.990	-11.499
3527.230	0.990	-11.426
3527.240	0.990	-10.986
3527.250	0.930	-10.986
3527.260	0.930	-10.254
3527.270	0.930	-9.814
3527.280	0.850	-9.814
3527.290	0.850	-9.741
3527.300	0.850	-9.009
3527.310	0.740	-9.009
3527.320	0.740	-8.496
3527.330	0.740	-7.690
3527.340	0.630	-7.690
3527.350	0.630	-7.324
3527.360	0.630	-6.812
3527.370	0.510	-6.812
3527.380	0.510	-6.519
3527.390	0.510	-6.006
3527.400	0.400	-5.273
3527.410	0.400	-4.907
3527.420	0.400	-4.541
3527.430	0.280	-3.942
3527.440	0.280	-3.445
3527.450	0.280	-3.006
3527.460	0.110	-2.640
3527.470	0.110	-2.054
3527.480	0.110	-1.614
3527.490	0.060	-1.181
3527.500	0.060	-0.880
3527.510	0.060	-0.587
3527.520	-0.040	-0.221
3527.530	-0.040	0.058
3527.540	-0.040	0.368
3527.550	-0.150	0.641
3527.560	-0.150	1.031
3527.570	-0.150	1.324
3527.580	-0.250	1.690
3527.590	-0.250	2.137
3527.600	-0.250	2.568
3527.610	-0.360	2.961
3527.620	-0.360	3.303
3527.630	-0.360	3.742
3527.640	-0.460	4.328
3527.650	-0.460	4.641
3527.660	-0.460	4.909
3527.670	-0.550	5.422
3527.680	-0.550	6.032
3527.690	-0.550	6.179
3527.700	-0.630	6.465
3527.710	-0.630	6.813
3527.720	-0.630	6.984
3527.730	-0.720	7.423
3527.740	-0.720	7.716
3527.750	-0.720	8.083
3527.760	-0.810	8.569
3527.770	-0.810	8.731
3527.780	-0.810	9.000
3527.790	-0.900	9.293
3527.800	-0.900	9.666
3527.810	-0.900	9.731
3527.820	-0.960	10.070
3527.830	-0.960	10.429
3527.840	-0.960	10.721
3527.850	-1.010	10.868
3527.860	-1.010	10.968
3527.870	-1.010	11.391
3527.880	-1.060	11.344
3527.890	-1.060	11.450
3527.900	-1.060	11.450
3527.910	-1.080	11.963
3527.920	-1.080	12.356
3527.930	-1.080	11.924
3527.940	-1.130	12.004
3527.950	-1.130	12.200
3527.960	-1.130	12.493
3527.970	-1.140	12.126
3527.980	-1.140	12.466
3527.990	-1.140	12.653
3528.000	-1.160	12.746
3528.010	-1.160	12.738
3528.020	-1.160	13.104
3528.030	-1.170	13.104
3528.040	-1.170	12.658
3528.050	-1.170	12.902
3528.060	-1.160	12.709
3528.070	-1.160	13.303
3528.080	-1.160	12.791
3528.090	-1.140	12.944
3528.100	-1.140	12.900
3528.110	-1.140	12.688
3528.120	-1.100	12.302
3528.130	-1.100	12.456
3528.140	-1.100	12.749
3528.150	-1.090	12.283
3528.160	-1.090	12.143
3528.170	-1.090	11.915
3528.180	-1.040	11.888
3528.190	-1.040	11.629
3528.200	-1.040	11.214
3528.210	-0.980	11.174
3528.220	-0.980	11.300
3528.230	-0.980	10.852
3528.240	-0.920	10.486
3528.250	-0.920	10.220
3528.260	-0.920	10.334
3528.270	-0.830	9.821
3528.280	-0.830	9.628
3528.290	-0.830	9.294
3528.300	-0.750	9.021
3528.310	-0.750	8.540
3528.320	-0.750	7.849
3528.330	-0.640	7.849
3528.340	-0.640	7.483
3528.350	-0.640	7.336
3528.360	-0.530	6.763
3528.370	-0.530	6.365
3528.380	-0.530	5.925
3528.390	-0.430	5.413
3528.400	-0.430	5.173
3528.410	-0.430	4.815
3528.420	-0.320	4.342
3528.430	-0.320	4.008
3528.440	-0.320	3.715
3528.450	-0.210	3.276
3528.460	-0.210	2.750
3528.470	-0.210	2.343
3528.480	-0.090	1.977
3528.490	-0.090	1.684
3528.500	-0.090	1.318
3528.510	0.030	0.878
3528.520	0.030	0.326
3528.530	0.030	-0.366
3528.540	0.150	-0.852
3528.550	0.150	-1.324
3528.560	0.150	-1.690
3528.570	0.250	-1.983
3528.580	0.250	-2.276
3528.590	0.250	-2.716
3528.600	0.350	-3.242
3528.610	0.350	-3.665
3528.620	0.350	-3.958
3528.630	0.440	-4.191
3528.640	0.440	-5.080
3528.650	0.440	-5.080
3528.660	0.530	-5.253
3528.670	0.530	-5.693
3528.680	0.530	-6.206
3528.690	0.620	-6.432
3528.700	0.620	-6.891
3528.710	0.620	-7.273
3528.720	0.710	-7.420
3528.730	0.710	-7.773
3528.740	0.710	-7.830
3528.750	0.790	-8.242
3528.760	0.790	-8.916
3528.770	0.790	-8.842
3528.780	0.860	-9.135
3528.790	0.860	-9.422
3528.800	0.860	-9.609
3528.810	0.920	-9.522
3528.820	0.920	-9.921
3528.830	0.920	-10.214
3528.840	0.980	-10.507
3528.850	0.980	-10.680
3528.860	0.980	-10.346
3528.870	1.030	-10.952
3528.880	1.030	-11.074
3528.890	1.030	-11.441
3528.900	1.050	-11.221
3528.910	1.050	-11.674
3528.920	1.050	-12.081
3528.930	1.080	-11.834
3528.940	1.080	-11.891
3528.950	1.080	-11.891
3528.960	1.110	-12.624
3528.970	1.110	-12.311
3528.980	1.110	-12.482
3528.990	1.120	-12.228
3529.000	1.120	-12.831
3529.010	1.120	-12.464
3529.020	1.110	-12.198
3529.030	1.110	-12.420
3529.040	1.110	-12.583
3529.050	1.100	-12.277
3529.060	1.100	-12.203
3529.070	1.100	-12.423
3529.080	1.080	-12.230
3529.090	1.080	-12.141
3529.100	1.080	-11.759
3529.110	1.040	-11.805
3529.120	1.040	-11.990
3529.130	1.040	-11.648
3529.140	1.000	-11.316
3529.150	1.000	-11.589
3529.160	1.000	-11.370
3529.170	0.960	-10.997
3529.180	0.960	-10.693
3529.190	0.960	-10.742
3529.200	0.890	-10.296
3529.210	0.890	-10.518
3529.220	0.890	-9.940
3529.230	0.810	-9.661
3529.240	0.810	-9.587
3529.250	0.810	-9.180
3529.260	0.730	-8.667
3529.270	0.730	-8.845
3529.280	0.730	-8.462
3529.290	0.640	-7.949
3529.300	0.640	-7.663
3529.310	0.640	-7.102
3529.320	0.530	-6.762
3529.330	0.530	-6.570
3529.340	0.530	-5.878
3529.350	0.410	-5.585
3529.360	0.410	-5.365
3529.370	0.410	-4.682
3529.380	0.290	-4.369
3529.390	0.290	-4.019
3529.400	0.290	-3.579
3529.410	0.170	-2.993
3529.420	0.170	-2.527
3529.430	0.170	-2.120
3529.440	0.030	-1.754
3529.450	0.030	-1.152
3529.460	0.030	-0.493
3529.470	-0.090	-0.053
3529.480	-0.090	0.439
3529.490	-0.090	1.042
3529.500	-0.220	1.514
3529.510	-0.220	1.995
3529.520	-0.220	2.361
3529.530	-0.320	2.800
3529.540	-0.320	3.313
3529.550	-0.320	3.736
3529.560	-0.420	3.989
3529.570	-0.420	4.331
3529.580	-0.420	4.624
3529.590	-0.520	5.063
3529.600	-0.520	5.396
3529.610	-0.520	5.649
3529.620	-0.620	6.148
3529.630	-0.620	6.441
3529.640	-0.620	6.661
3529.650	-0.700	7.173
3529.660	-0.700	7.579
3529.670	-0.700	7.970
3529.680	-0.780	8.250
3529.690	-0.780	8.185
3529.700	-0.780	8.697
3529.710	-0.860	8.990
3529.720	-0.860	9.370
3529.730	-0.860	9.516
3529.740	-0.940	9.849
3529.750	-0.940	9.971
3529.760	-0.940	10.338
3529.770	-1.000	10.484
3529.780	-1.000	10.571
3529.790	-1.000	11.222
3529.800	-1.060	11.222
3529.810	-1.060	11.441
3529.820	-1.060	11.881
3529.830	-1.120	11.881
3529.840	-1.120	12.207
3529.850	-1.120	12.012
3529.860	-1.180	12.305
3529.870	-1.180	13.102
3529.880	-1.180	13.029
3529.890	-1.210	13.249
3529.900	-1.210	13.249
3529.910	-1.210	13.615
3529.920	-1.260	13.395
3529.930	-1.260	13.761
3529.940	-1.260	13.981
3529.950	-1.280	14.088
3529.960	-1.280	14.495
3529.970	-1.280	14.576
3529.980	-1.300	14.356
3529.990	-1.300	14.576
3530.000	-1.300	14.576
3530.010	-1.320	14.370
3530.020	-1.320	14.898
3530.030	-1.320	14.752
3530.040	-1.310	14.606
3530.050	-1.310	14.645
3530.060	-1.310	14.385
3530.070	-1.310	14.385
3530.080	-1.310	14.515
3530.090	-1.310	14.589
3530.100	-1.280	14.515
3530.110	-1.280	14.355
3530.120	-1.280	14.266
3530.130	-1.260	14.066
3530.140	-1.260	13.993
3530.150	-1.260	13.920
3530.160	-1.200	13.773
3530.170	-1.200	13.497
3530.180	-1.200	12.911
3530.190	-1.150	12.911
3530.200	-1.150	12.911
3530.210	-1.150	12.471
3530.220	-1.090	12.471
3530.230	-1.090	12.305
3530.240	-1.090	12.012
3530.250	-1.010	12.012
3530.260	-1.010	11.499
3530.270	-1.010	11.060
3530.280	-0.940	11.060
3530.290	-0.940	10.840
3530.300	-0.940	10.034
3530.310	-0.850	10.034
3530.320	-0.850	9.668
3530.330	-0.850	9.155
3530.340	-0.750	9.155
3530.350	-0.750	8.716
3530.360	-0.750	8.276
3530.370	-0.640	8.276
3530.380	-0.640	7.544
3530.390	-0.640	6.372
3530.400	-0.530	6.372
3530.410	-0.530	6.079
3530.420	-0.530	5.493
3530.430	-0.410	5.493
3530.440	-0.410	4.907
3530.450	-0.410	4.028
3530.460	-0.290	4.028
3530.470	-0.290	3.589
3530.480	-0.290	3.003
3530.490	-0.180	3.003
3530.500	-0.180	2.710
3530.510	-0.180	2.197
3530.520	-0.060	1.611
3530.530	-0.060	1.164
3530.540	-0.060	0.285
3530.550	0.060	0.285
3530.560	0.060	-0.081
3530.570	0.060	-0.960
3530.580	0.180	-0.960
3530.590	0.180	-1.473
3530.600	0.180	-2.498
3530.610	0.290	-2.498
3530.620	0.290	-2.938
3530.630	0.290	-3.369
3530.640	0.380	-3.369
3530.650	0.380	-3.735
3530.660	0.380	-4.248
3530.670	0.470	-4.488
3530.680	0.470	-4.919
3530.690	0.470	-5.359
3530.700	0.560	-5.578
3530.710	0.560	-5.651
3530.720	0.560	-5.944
3530.730	0.650	-6.517
3530.740	0.650	-7.046
3530.750	0.650	-7.632
3530.760	0.740	-7.705
3530.770	0.740	-7.758
3530.780	0.740	-8.206
3530.790	0.810	-8.126
3530.800	0.810	-8.769
3530.810	0.810	-9.135
3530.820	0.870	-9.209
3530.830	0.870	-9.588
3530.840	0.870	-9.718
3530.850	0.920	-9.752
3530.860	0.920	-9.841
3530.870	0.920	-10.427
3530.880	0.980	-10.354
3530.890	0.980	-10.946
3530.900	0.980	-10.596
3530.910	1.020	-10.776
3530.920	1.020	-11.191
3530.930	1.020	-11.411
3530.940	1.040	-11.338
3530.950	1.040	-11.451
3530.960	1.040	-11.947
3530.970	1.070	-11.947
3530.980	1.070	-11.947
3530.990	1.070	-12.167
3531.000	1.090	-12.167
3531.010	1.090	-12.354
3531.020	1.090	-12.012
3531.030	1.090	-11.812
3531.040	1.090	-12.081
3531.050	1.090	-12.227
3531.060	1.070	-12.007
3531.070	1.070	-11.861
3531.080	1.070	-12.007
3531.090	1.070	-11.954
3531.100	1.070	-11.604
3531.110	1.070	-11.531
3531.120	1.030	-11.604
3531.130	1.030	-11.657
3531.140	1.030	-11.316
3531.150	0.980	-11.056
3531.160	0.980	-11.235
3531.170	0.980	-11.162
3531.180	0.930	-10.869
3531.190	0.930	-10.336
3531.200	0.930	-10.466
3531.210	0.870	-10.020
3531.220	0.870	-10.207
3531.230	0.870	-9.768
3531.240	0.800	-9.475
3531.250	0.800	-9.222
3531.260	0.800	-8.970
3531.270	0.710	-8.324
3531.280	0.710	-8.421
3531.290	0.710	-8.348
3531.300	0.620	-7.789
3531.310	0.620	-7.397
3531.320	0.620	-6.770
3531.330	0.530	-6.490
3531.340	0.530	-6.311
3531.350	0.530	-5.872
3531.360	0.420	-5.333
3531.370	0.420	-5.140
3531.380	0.420	-4.603
3531.390	0.320	-4.277
3531.400	0.320	-4.055
3531.410	0.320	-3.795
3531.420	0.200	-3.348
3531.430	0.200	-2.831
3531.440	0.200	-2.497
3531.450	0.080	-2.057
3531.460	0.080	-1.791
3531.470	0.080	-1.238
3531.480	-0.040	-0.732
3531.490	-0.040	-0.236
3531.500	-0.040	0.228
3531.510	-0.150	0.741
3531.520	-0.150	1.173
3531.530	-0.150	1.621
3531.540	-0.250	1.961
3531.550	-0.250	2.367
3531.560	-0.250	2.734
3531.570	-0.340	3.120
3531.580	-0.340	3.623
3531.590	-0.340	3.826
3531.600	-0.440	4.006
3531.610	-0.440	4.210
3531.620	-0.440	4.649
3531.630	-0.530	4.949
3531.640	-0.530	5.333
3531.650	-0.530	5.805
3531.660	-0.600	6.105
3531.670	-0.600	6.223
3531.680	-0.600	6.606
3531.690	-0.690	7.105
3531.700	-0.690	7.601
3531.710	-0.690	8.057
3531.720	-0.780	7.917
3531.730	-0.780	8.228
3531.740	-0.780	8.748
3531.750	-0.860	8.802
3531.760	-0.860	9.438
3531.770	-0.860	9.593
3531.780	-0.920	9.905
3531.790	-0.920	10.098
3531.800	-0.920	10.448
3531.810	-0.990	10.221
3531.820	-0.990	11.020
3531.830	-0.990	11.216
3531.840	-1.060	11.375
3531.850	-1.060	11.420
3531.860	-1.060	11.583
3531.870	-1.110	11.909
3531.880	-1.110	12.027
3531.890	-1.110	11.995
3531.900	-1.160	12.214
3531.910	-1.160	12.962
3531.920	-1.160	12.595
3531.930	-1.190	13.035
3531.940	-1.190	12.875
3531.950	-1.190	13.363
3531.960	-1.210	12.897
3531.970	-1.210	13.556
3531.980	-1.210	13.637
3531.990	-1.220	13.610
3532.000	-1.220	13.936
3532.010	-1.220	13.635
3532.020	-1.220	13.801
3532.030	-1.220	13.329
3532.040	-1.220	13.769
3532.050	-1.220	13.636
3532.060	-1.220	13.776
3532.070	-1.220	13.524
3532.080	-1.190	13.304
3532.090	-1.190	13.624
3532.100	-1.190	12.859
3532.110	-1.180	13.012
3532.120	-1.180	13.212
3532.130	-1.180	13.171
3532.140	-1.140	12.758
3532.150	-1.140	12.810
3532.160	-1.140	12.916
3532.170	-1.090	12.243
3532.180	-1.090	12.219
3532.190	-1.090	12.146
3532.200	-1.030	12.252
3532.210	-1.030	11.912
3532.220	-1.030	11.253
3532.230	-0.960	11.286
3532.240	-0.960	11.064
3532.250	-0.960	10.779
3532.260	-0.890	10.133
3532.270	-0.890	10.000
3532.280	-0.890	9.878
3532.290	-0.800	9.365
3532.300	-0.800	9.047
3532.310	-0.800	8.868
3532.320	-0.700	8.648
3532.330	-0.700	8.029
3532.340	-0.700	7.785
3532.350	-0.610	7.352
3532.360	-0.610	7.323
3532.370	-0.610	7.030
3532.380	-0.500	6.371
3532.390	-0.500	6.151
3532.400	-0.500	5.703
3532.410	-0.370	5.024
3532.420	-0.370	4.601
3532.430	-0.370	4.235
3532.440	-0.250	3.649
3532.450	-0.250	3.056
3532.460	-0.250	2.487
3532.470	-0.110	2.114
3532.480	-0.110	1.674
3532.490	-0.110	1.088
3532.500	0.010	0.649
3532.510	0.010	0.376
3532.520	0.010	-0.007
3532.530	0.150	-0.286
3532.540	0.150	-0.758
3532.550	0.150	-1.198
3532.560	0.260	-1.710
3532.570	0.260	-2.217
3532.580	0.260	-2.656
3532.590	0.390	-3.115
3532.600	0.390	-3.856
3532.610	0.390	-4.442
3532.620	0.500	-4.735
3532.630	0.500	-5.114
3532.640	0.500	-5.668
3532.650	0.590	-5.967
3532.660	0.590	-6.936
3532.670	0.590	-7.156
3532.680	0.680	-7.156
3532.690	0.680	-7.282
3532.700	0.680	-7.494
3532.710	0.760	-7.633
3532.720	0.760	-8.708
3532.730	0.760	-8.708
3532.740	0.850	-9.214
3532.750	0.850	-9.417
3532.760	0.850	-9.637
3532.770	0.920	-9.637
3532.780	0.920	-9.783
3532.790	0.920	-10.443
3532.800	0.990	-10.443
3532.810	0.990	-11.108
3532.820	0.990	-11.353
3532.830	1.050	-11.353
3532.840	1.050	-11.719
3532.850	1.050	-11.792
3532.860	1.110	-11.792
3532.870	1.110	-11.938
3532.880	1.110	-12.524
3532.890	1.160	-12.524
3532.900	1.160	-12.891
3532.910	1.160	-12.671
3532.920	1.200	-13.184
3532.930	1.200	-12.931
3532.940	1.200	-13.078
3532.950	1.230	-13.298
3532.960	1.230	-13.517
3532.970	1.230	-13.664
3532.980	1.240	-13.531
3532.990	1.240	-13.905
3533.000	1.240	-13.758
3533.010	1.250	-13.832
3533.020	1.250	-13.978
3533.030	1.250	-14.011
3533.040	1.260	-14.157
3533.050	1.260	-14.157
3533.060	1.260	-14.011
3533.070	1.240	-13.804
3533.080	1.240	-13.856
3533.090	1.240	-13.848
3533.100	1.220	-13.701
3533.110	1.220	-13.701
3533.120	1.220	-13.701
3533.130	1.190	-13.462
3533.140	1.190	-13.307
3533.150	1.190	-12.868
3533.160	1.140	-13.174
3533.170	1.140	-12.900
3533.180	1.140	-12.396
3533.190	1.080	-12.396
3533.200	1.080	-12.689
3533.210	1.080	-11.663
3533.220	1.030	-11.663
3533.230	1.030	-11.756
3533.240	1.030	-11.545
3533.250	0.950	-11.239
3533.260	0.950	-10.802
3533.270	0.950	-10.843
3533.280	0.870	-10.330
3533.290	0.870	-10.330
3533.300	0.870	-9.671
3533.310	0.770	-9.325
3533.320	0.770	-8.958
3533.330	0.770	-8.739
3533.340	0.670	-8.153
3533.350	0.670	-7.946
3533.360	0.670	-7.271
3533.370	0.560	-7.271
3533.380	0.560	-6.831
3533.390	0.560	-5.733
3533.400	0.450	-5.733
3533.410	0.450	-5.640
3533.420	0.450	-4.761
3533.430	0.360	-4.761
3533.440	0.360	-4.395
3533.450	0.360	-3.223
3533.460	0.230	-3.223
3533.470	0.230	-2.783
3533.480	0.230	-2.417
3533.490	0.090	-2.124
3533.500	0.090	-1.758
3533.510	0.090	-0.732
3533.520	-0.020	-0.732
3533.530	-0.020	-0.366
3533.540	-0.020	0.366
3533.550	-0.120	0.366
3533.560	-0.120	0.806
3533.570	-0.120	1.758
3533.580	-0.230	1.758
3533.590	-0.230	2.124
3533.600	-0.230	2.417
3533.610	-0.340	2.677
3533.620	-0.340	3.092
3533.630	-0.340	3.678
3533.640	-0.430	4.117
3533.650	-0.430	4.410
3533.660	-0.430	4.703
3533.670	-0.520	4.996
3533.680	-0.520	5.208
3533.690	-0.520	5.427
3533.700	-0.610	5.867
3533.710	-0.610	6.486
3533.720	-0.610	6.730
3533.730	-0.690	6.930
3533.740	-0.690	7.158
3533.750	-0.690	7.377
3533.760	-0.770	7.963
3533.770	-0.770	8.110
3533.780	-0.770	8.484
3533.790	-0.850	8.837
3533.800	-0.850	8.919
3533.810	-0.850	9.285
3533.820	-0.910	9.578
3533.830	-0.910	9.891
3533.840	-0.910	9.883
3533.850	-0.960	10.415
3533.860	-0.960	10.383
3533.870	-0.960	10.749
3533.880	-1.010	10.602
3533.890	-1.010	10.982
3533.900	-1.010	11.413
3533.910	-1.050	11.360
3533.920	-1.050	11.311
3533.930	-1.050	11.531
3533.940	-1.090	11.897
3533.950	-1.090	11.950
3533.960	-1.090	11.690
3533.970	-1.120	11.910
3533.980	-1.120	12.276
3533.990	-1.120	12.349
3534.000	-1.120	12.203
3534.010	-1.120	12.402
3534.020	-1.120	12.671
3534.030	-1.130	12.205
3534.040	-1.130	12.335
3534.050	-1.130	12.408
3534.060	-1.100	12.921
3534.070	-1.100	12.408
3534.080	-1.100	12.482
3534.090	-1.090	12.295
3534.100	-1.090	12.580
3534.110	-1.090	11.921
3534.120	-1.060	11.921
3534.130	-1.060	12.094
3534.140	-1.060	12.037
3534.150	-1.030	11.511
3534.160	-1.030	11.259
3534.170	-1.030	11.112
3534.180	-0.970	11.079
3534.190	-0.970	11.079
3534.200	-0.970	10.647
3534.210	-0.910	10.428
3534.220	-0.910	10.428
3534.230	-0.910	9.842
3534.240	-0.840	9.635
3534.250	-0.840	9.635
3534.260	-0.840	9.302
3534.270	-0.750	9.082
3534.280	-0.750	8.789
3534.290	-0.750	8.423
3534.300	-0.670	8.430
3534.310	-0.670	7.901
3534.320	-0.670	7.241
3534.330	-0.570	6.829
3534.340	-0.570	6.609
3534.350	-0.570	6.462
3534.360	-0.470	6.056
3534.370	-0.470	5.511
3534.380	-0.470	5.145
3534.390	-0.360	4.745
3534.400	-0.360	4.486
3534.410	-0.360	4.136
3534.420	-0.250	3.970
3534.430	-0.250	3.585
3534.440	-0.250	2.926
3534.450	-0.140	2.413
3534.460	-0.140	2.014
3534.470	-0.140	1.607
3534.480	-0.020	1.314
3534.490	-0.020	0.818
3534.500	-0.020	0.265
3534.510	0.100	-0.221
3534.520	0.100	-0.746
3534.530	0.100	-1.194
3534.540	0.220	-1.600
3534.550	0.220	-2.007
3534.560	0.220	-2.447
3534.570	0.340	-3.033
3534.580	0.340	-3.692
3534.590	0.340	-3.968
3534.600	0.440	-4.221
3534.610	0.440	-4.443
3534.620	0.440	-4.924
3534.630	0.540	-5.216
3534.640	0.540	-5.543
3534.650	0.540	-6.088
3534.660	0.630	-6.381
3534.670	0.630	-6.446
3534.680	0.630	-6.812
3534.690	0.730	-7.252
3534.700	0.730	-7.878
3534.710	0.730	-8.415
3534.720	0.820	-8.268
3534.730	0.820	-8.708
3534.740	0.820	-9.001
3534.750	0.890	-9.294
3534.760	0.890	-9.513
3534.770	0.890	-9.888
3534.780	0.950	-10.107
3534.790	0.950	-10.400
3534.800	0.950	-10.547
3534.810	1.020	-10.474
3534.820	1.020	-11.133
3534.830	1.020	-11.572
3534.840	1.080	-11.572
3534.850	1.080	-11.572
3534.860	1.080	-12.451
3534.870	1.130	-12.451
3534.880	1.130	-12.231
3534.890	1.130	-12.598
3534.900	1.170	-12.598
3534.910	1.170	-13.110
3534.920	1.170	-13.184
3534.930	1.200	-13.184
3534.940	1.200	-13.623
3534.950	1.200	-13.550
3534.960	1.230	-13.550
3534.970	1.230	-13.403
3534.980	1.230	-13.696
3534.990	1.240	-13.696
3535.000	1.240	-13.770
3535.010	1.240	-13.623
3535.020	1.240	-13.623
3535.030	1.240	-13.696
3535.040	1.240	-13.696
3535.050	1.230	-13.696
3535.060	1.230	-13.770
3535.070	1.230	-13.770
3535.080	1.210	-13.770
3535.090	1.210	-13.477
3535.100	1.210	-13.330
3535.110	1.180	-13.330
3535.120	1.180	-13.550
3535.130	1.180	-13.037
3535.140	1.140	-13.037
3535.150	1.140	-13.330
3535.160	1.140	-12.598
3535.170	1.090	-12.598
3535.180	1.090	-12.158
3535.190	1.090	-12.012
3535.200	1.040	-12.012
3535.210	1.040	-11.646
3535.220	1.040	-11.353
3535.230	0.970	-11.353
3535.240	0.970	-11.133
3535.250	0.970	-10.474
3535.260	0.890	-10.474
3535.270	0.890	-10.107
3535.280	0.890	-9.595
3535.290	0.800	-9.595
3535.300	0.800	-9.302
3535.310	0.800	-8.716
3535.320	0.720	-8.716
3535.330	0.720	-8.276
3535.340	0.720	-7.983
3535.350	0.630	-7.983
3535.360	0.630	-7.617
3535.370	0.630	-6.665
3535.380	0.530	-6.665
3535.390	0.530	-6.006
3535.400	0.530	-5.640
3535.410	0.420	-5.640
3535.420	0.420	-5.054
3535.430	0.420	-4.175
3535.440	0.290	-4.175
3535.450	0.290	-3.442
3535.460	0.290	-2.710
3535.470	0.160	-2.710
3535.480	0.160	-2.417
3535.490	0.160	-1.538
3535.500	0.040	-1.538
3535.510	0.040	-1.099
3535.520	0.040	-0.293
3535.530	-0.060	-0.293
3535.540	-0.060	0.000
3535.550	-0.060	0.732
3535.560	-0.170	0.732
3535.570	-0.170	1.099
3535.580	-0.170	1.978
3535.590	-0.270	1.978
3535.600	-0.270	2.344
3535.610	-0.270	2.710
3535.620	-0.360	2.930
3535.630	-0.360	3.296
3535.640	-0.360	4.321
3535.650	-0.460	4.321
3535.660	-0.460	4.614
3535.670	-0.460	5.420
3535.680	-0.540	5.420
3535.690	-0.540	5.566
3535.700	-0.540	6.445
3535.710	-0.610	6.445
3535.720	-0.610	6.812
3535.730	-0.610	7.251
3535.740	-0.700	7.251
3535.750	-0.700	7.251
3535.760	-0.700	7.910
3535.770	-0.760	7.910
3535.780	-0.760	8.057
3535.790	-0.760	8.789
3535.800	-0.840	8.789
3535.810	-0.840	8.789
3535.820	-0.840	9.229
3535.830	-0.910	9.521
3535.840	-0.910	9.595
3535.850	-0.910	9.741
3535.860	-0.960	10.274
3535.870	-0.960	10.241
3535.880	-0.960	10.681
3535.890	-1.000	10.381
3535.900	-1.000	11.122
3535.910	-1.000	11.195
3535.920	-1.050	11.222
3535.930	-1.050	11.173
3535.940	-1.050	11.539
3535.950	-1.070	11.799
3535.960	-1.070	12.080
3535.970	-1.070	11.893
3535.980	-1.090	11.973
3535.990	-1.090	12.394
3536.000	-1.090	12.020
3536.010	-1.090	11.787
3536.020	-1.090	12.216
3536.030	-1.090	12.484
3536.040	-1.100	12.158
3536.050	-1.100	12.314
3536.060	-1.100	12.086
3536.070	-1.100	12.332
3536.080	-1.100	11.992
3536.090	-1.100	11.796
3536.100	-1.070	11.890
3536.110	-1.070	12.326
3536.120	-1.070	11.797
3536.130	-1.050	11.551
3536.140	-1.050	11.869
3536.150	-1.050	11.674
3536.160	-1.000	11.354
3536.170	-1.000	11.051
3536.180	-1.000	11.238
3536.190	-0.950	11.145
3536.200	-0.950	11.019
3536.210	-0.950	10.522
3536.220	-0.870	10.156
3536.230	-0.870	10.378
3536.240	-0.870	9.800
3536.250	-0.800	9.574
3536.260	-0.800	9.389
3536.270	-0.800	9.080
3536.280	-0.730	8.367
3536.290	-0.730	8.412
3536.300	-0.730	7.932
3536.310	-0.630	7.659
3536.320	-0.630	7.659
3536.330	-0.630	7.097
3536.340	-0.530	6.624
3536.350	-0.530	6.232
3536.360	-0.530	5.785
3536.370	-0.430	5.598
3536.380	-0.430	5.554
3536.390	-0.430	4.943
3536.400	-0.310	4.484
3536.410	-0.310	4.196
3536.420	-0.310	3.024
3536.430	-0.190	3.024
3536.440	-0.190	2.764
3536.450	-0.190	2.357
3536.460	-0.070	1.991
3536.470	-0.070	1.591
3536.480	-0.070	1.030
3536.490	0.040	0.517
3536.500	0.040	0.171
3536.510	0.040	-0.293
3536.520	0.140	-0.633
3536.530	0.140	-1.349
3536.540	0.140	-1.861
3536.550	0.270	-2.154
3536.560	0.270	-2.521
3536.570	0.270	-2.887
3536.580	0.380	-3.280
3536.590	0.380	-3.947
3536.600	0.380	-4.386
3536.610	0.480	-4.753
3536.620	0.480	-5.292
3536.630	0.480	-5.381
3536.640	0.570	-5.475
3536.650	0.570	-5.833
3536.660	0.570	-6.345
3536.670	0.660	-6.712
3536.680	0.660	-7.124
3536.690	0.660	-7.336
3536.700	0.740	-7.416
3536.710	0.740	-7.888
3536.720	0.740	-8.034
3536.730	0.810	-8.401
3536.740	0.810	-8.967
3536.750	0.810	-9.121
3536.760	0.880	-9.308
3536.770	0.880	-9.633
3536.780	0.880	-10.073
3536.790	0.950	-9.999
3536.800	0.950	-10.505
3536.810	0.950	-10.619
3536.820	1.020	-10.999
3536.830	1.020	-11.031
3536.840	1.020	-11.031
3536.850	1.070	-11.358
3536.860	1.070	-11.920
3536.870	1.070	-11.814
3536.880	1.110	-11.887
3536.890	1.110	-12.254
3536.900	1.110	-12.547
3536.910	1.150	-12.327
3536.920	1.150	-12.387
3536.930	1.150	-12.720
3536.940	1.170	-12.820
3536.950	1.170	-13.153
3536.960	1.170	-12.844
3536.970	1.180	-13.430
3536.980	1.180	-13.064
3536.990	1.180	-13.210
3537.000	1.200	-13.144
3537.010	1.200	-13.494
3537.020	1.200	-13.494
3537.030	1.200	-13.420
3537.040	1.200	-13.687
3537.050	1.200	-13.247
3537.060	1.180	-13.194
3537.070	1.180	-13.121
3537.080	1.180	-13.121
3537.090	1.160	-13.121
3537.100	1.160	-12.968
3537.110	1.160	-13.130
3537.120	1.140	-12.671
3537.130	1.140	-12.655
3537.140	1.140	-12.288
3537.150	1.080	-12.728
3537.160	1.080	-12.342
3537.170	1.080	-12.049
3537.180	1.030	-11.869
3537.190	1.030	-12.089
3537.200	1.030	-11.796
3537.210	0.990	-11.210
3537.220	0.990	-11.303
3537.230	0.990	-10.880
3537.240	0.910	-10.980
3537.250	0.910	-10.247
3537.260	0.910	-10.247
3537.270	0.820	-10.028
3537.280	0.820	-9.695
3537.290	0.820	-9.255
3537.300	0.730	-8.969
3537.310	0.730	-8.660
3537.320	0.730	-8.220
3537.330	0.630	-8.074
3537.340	0.630	-7.388
3537.350	0.630	-7.095
3537.360	0.520	-6.749
3537.370	0.520	-6.529
3537.380	0.520	-6.163
3537.390	0.350	-5.430
3537.400	0.350	-5.057
3537.410	0.350	-4.195
3537.420	0.290	-4.195
3537.430	0.290	-3.609
3537.440	0.290	-2.876
3537.450	0.160	-2.876
3537.460	0.160	-2.344
3537.470	0.160	-1.172
3537.480	0.020	-1.172
3537.490	0.020	-0.806
3537.500	0.020	-0.073
3537.510	-0.090	-0.073
3537.520	-0.090	0.220
3537.530	-0.090	1.025
3537.540	-0.210	1.025
3537.550	-0.210	1.465
3537.560	-0.210	2.563
3537.570	-0.320	2.563
3537.580	-0.320	2.930
3537.590	-0.320	3.735
3537.600	-0.430	3.735
3537.610	-0.430	4.248
3537.620	-0.430	4.834
3537.630	-0.530	4.834
3537.640	-0.530	5.420
3537.650	-0.530	6.079
3537.660	-0.630	6.079
3537.670	-0.630	6.445
3537.680	-0.630	7.104
3537.690	-0.720	7.104
3537.700	-0.720	7.617
3537.710	-0.720	8.276
3537.720	-0.810	8.276
3537.730	-0.810	8.716
3537.740	-0.810	9.155
3537.750	-0.890	9.155
3537.760	-0.890	9.448
3537.770	-0.890	9.888
3537.780	-0.960	9.888
3537.790	-0.960	10.474
3537.800	-0.960	10.767
3537.810	-1.020	10.767
3537.820	-1.020	10.840
3537.830	-1.020	11.572
3537.840	-1.060	11.572
3537.850	-1.060	11.646
3537.860	-1.060	11.938
3537.870	-1.120	11.938
3537.880	-1.120	12.231
3537.890	-1.120	12.231
3537.900	-1.170	12.231
3537.910	-1.170	12.598
3537.920	-1.170	12.964
3537.930	-1.200	12.964
3537.940	-1.200	13.330
3537.950	-1.200	13.550
3537.960	-1.240	13.550
3537.970	-1.240	13.330
3537.980	-1.240	13.916
3537.990	-1.250	13.916
3538.000	-1.250	13.989
3538.010	-1.250	13.989
3538.020	-1.260	13.989
3538.030	-1.260	13.989
3538.040	-1.260	13.989
3538.050	-1.260	13.989
3538.060	-1.260	14.062
3538.070	-1.260	13.916
3538.080	-1.250	13.916
3538.090	-1.250	13.843
3538.100	-1.250	13.623
3538.110	-1.230	13.623
3538.120	-1.230	13.477
3538.130	-1.230	13.403
3538.140	-1.190	13.403
3538.150	-1.190	13.403
3538.160	-1.190	13.037
3538.170	-1.150	13.037
3538.180	-1.150	12.964
3538.190	-1.150	12.964
3538.200	-1.080	12.964
3538.210	-1.080	12.305
3538.220	-1.080	12.012
3538.230	-1.020	12.012
3538.240	-1.020	11.865
3538.250	-1.020	11.353
3538.260	-0.950	10.627
3538.270	-0.950	10.977
3538.280	-0.950	10.537
3538.290	-0.860	10.391
3538.300	-0.860	9.878
3538.310	-0.860	9.585
3538.320	-0.780	9.206
3538.330	-0.780	9.002
3538.340	-0.780	8.563
3538.350	-0.680	8.343
3538.360	-0.680	8.336
3538.370	-0.680	7.474
3538.380	-0.570	6.928
3538.390	-0.570	6.309
3538.400	-0.570	6.089
3538.410	-0.450	6.016
3538.420	-0.450	5.517
3538.430	-0.450	4.988
3538.440	-0.330	4.548
3538.450	-0.330	4.109
3538.460	-0.330	3.303
3538.470	-0.210	3.303
3538.480	-0.210	3.044
3538.490	-0.210	2.710
3538.500	-0.080	2.124
3538.510	-0.080	1.530
3538.520	-0.080	1.017
3538.530	0.050	0.505
3538.540	0.050	0.065
3538.550	0.050	-0.448
3538.560	0.180	-0.860
3538.570	0.180	-1.414
3538.580	0.180	-2.073
3538.590	0.320	-2.612
3538.600	0.320	-3.019
3538.610	0.320	-3.304
3538.620	0.420	-3.524
3538.630	0.420	-4.036
3538.640	0.420	-4.476
3538.650	0.510	-4.716
3538.660	0.510	-5.182
3538.670	0.510	-5.727
3538.680	0.600	-5.727
3538.690	0.600	-5.847
3538.700	0.600	-6.465
3538.710	0.740	-6.831
3538.720	0.740	-7.442
3538.730	0.740	-7.808
3538.740	0.750	-7.808
3538.750	0.750	-8.154
3538.760	0.750	-8.374
3538.770	0.830	-8.374
3538.780	0.830	-9.033
3538.790	0.830	-9.399
3538.800	0.900	-9.399
3538.810	0.900	-10.107
3538.820	0.900	-9.961
3538.830	0.960	-10.474
3538.840	0.960	-10.474
3538.850	0.960	-11.060
3538.860	1.010	-11.060
3538.870	1.010	-11.206
3538.880	1.010	-11.572
3538.890	1.060	-11.572
3538.900	1.060	-11.938
3538.910	1.060	-11.719
3538.920	1.090	-11.719
3538.930	1.090	-12.012
3538.940	1.090	-12.231
3538.950	1.120	-12.231
3538.960	1.120	-12.231
3538.970	1.120	-12.598
3538.980	1.140	-12.598
3538.990	1.140	-12.451
3539.000	1.140	-12.231
3539.010	1.140	-12.744
3539.020	1.140	-12.598
3539.030	1.140	-12.524
3539.040	1.130	-12.524
3539.050	1.130	-13.037
3539.060	1.130	-12.524
3539.070	1.110	-12.451
3539.080	1.110	-12.305
3539.090	1.110	-12.744
3539.100	1.080	-12.358
3539.110	1.080	-12.277
3539.120	1.080	-12.350
3539.130	1.050	-12.157
3539.140	1.050	-11.880
3539.150	1.050	-11.587
3539.160	1.010	-11.587
3539.170	1.010	-11.587
3539.180	1.010	-10.781
3539.190	0.950	-10.781
3539.200	0.950	-10.948
3539.210	0.950	-10.443
3539.220	0.880	-10.337
3539.230	0.880	-9.871
3539.240	0.880	-9.635
3539.250	0.800	-9.395
3539.260	0.800	-9.175
3539.270	0.800	-8.663
3539.280	0.720	-8.722
3539.290	0.720	-8.340
3539.300	0.720	-7.754
3539.310	0.630	-7.608
3539.320	0.630	-7.193
3539.330	0.630	-6.974
3539.340	0.540	-6.847
3539.350	0.540	-6.647
3539.360	0.540	-6.354
3539.370	0.440	-5.882
3539.380	0.440	-5.260
3539.390	0.440	-4.983
3539.400	0.340	-4.670
3539.410	0.340	-4.182
3539.420	0.340	-3.751
3539.430	0.220	-3.438
3539.440	0.220	-2.987
3539.450	0.220	-2.327
3539.460	0.090	-1.955
3539.470	0.090	-1.622
3539.480	0.090	-1.304
3539.490	-0.020	-0.865
3539.500	-0.020	-0.519
3539.510	-0.020	-0.055
3539.520	-0.120	0.365
3539.530	-0.120	0.809
3539.540	-0.120	1.110
3539.550	-0.230	1.383
3539.560	-0.230	1.775
3539.570	-0.230	2.141
3539.580	-0.330	2.667
3539.590	-0.330	3.172
3539.600	-0.330	3.465
3539.610	-0.420	3.711
3539.620	-0.420	4.325
3539.630	-0.420	4.667
3539.640	-0.500	4.913
3539.650	-0.500	5.283
3539.660	-0.500	5.836
3539.670	-0.590	6.203
3539.680	-0.590	6.336
3539.690	-0.590	6.564
3539.700	-0.670	6.790
3539.710	-0.670	6.975
3539.720	-0.670	7.187
3539.730	-0.740	7.553
3539.740	-0.740	7.966
3539.750	-0.740	8.421
3539.760	-0.830	8.348
3539.770	-0.830	8.788
3539.780	-0.830	9.081
3539.790	-0.910	9.267
3539.800	-0.910	9.496
3539.810	-0.910	9.797
3539.820	-0.960	10.164
3539.830	-0.960	10.310
3539.840	-0.960	10.603
3539.850	-1.020	10.576
3539.860	-1.020	11.317
3539.870	-1.020	11.317
3539.880	-1.080	11.390
3539.890	-1.080	11.424
3539.900	-1.080	11.993
3539.910	-1.110	12.373
3539.920	-1.110	12.120
3539.930	-1.110	12.487
3539.940	-1.140	12.560
3539.950	-1.140	12.880
3539.960	-1.140	12.285
3539.970	-1.170	12.725
3539.980	-1.170	12.945
3539.990	-1.170	13.091
3540.000	-1.180	12.891
3540.010	-1.180	13.025
3540.020	-1.180	13.204
3540.030	-1.190	12.764
3540.040	-1.190	12.984
3540.050	-1.190	12.984
3540.060	-1.180	13.297
3540.070	-1.180	12.988
3540.080	-1.180	13.061
3540.090	-1.170	13.207
3540.100	-1.170	12.894
3540.110	-1.170	12.821
3540.120	-1.130	12.635
3540.130	-1.130	13.155
3540.140	-1.130	12.643
3540.150	-1.090	12.590
3540.160	-1.090	12.464
3540.170	-1.090	12.407
3540.180	-1.050	11.748
3540.190	-1.050	11.658
3540.200	-1.050	11.805
3540.210	-0.980	11.478
3540.220	-0.980	11.404
3540.230	-0.980	10.664
3540.240	-0.920	10.777
3540.250	-0.920	10.488
3540.260	-0.920	10.301
3540.270	-0.840	9.722
3540.280	-0.840	9.641
3540.290	-0.840	9.144
3540.300	-0.750	8.911
3540.310	-0.750	8.578
3540.320	-0.750	8.326
3540.330	-0.650	8.120
3540.340	-0.650	7.542
3540.350	-0.650	7.005
3540.360	-0.540	6.639
3540.370	-0.540	6.559
3540.380	-0.540	6.348
3540.390	-0.410	5.875
3540.400	-0.410	5.335
3540.410	-0.410	4.822
3540.420	-0.290	4.283
3540.430	-0.290	3.928
3540.440	-0.290	3.586
3540.450	-0.170	3.280
3540.460	-0.170	2.694
3540.470	-0.170	2.181
3540.480	-0.060	1.675
3540.490	-0.060	1.261
3540.500	-0.060	0.715
3540.510	0.060	0.296
3540.520	0.060	-0.215
3540.530	0.060	-0.678
3540.540	0.190	-1.091
3540.550	0.190	-1.631
3540.560	0.190	-2.071
3540.570	0.320	-2.803
3540.580	0.320	-3.249
3540.590	0.320	-3.534
3540.600	0.420	-3.780
3540.610	0.420	-4.232
3540.620	0.420	-4.793
3540.630	0.530	-5.160
3540.640	0.530	-5.699
3540.650	0.530	-6.244
3540.660	0.630	-6.337
3540.670	0.630	-6.329
3540.680	0.630	-6.769
3540.690	0.720	-7.208
3540.700	0.720	-7.767
3540.710	0.720	-8.142
3540.720	0.800	-8.002
3540.730	0.800	-8.637
3540.740	0.800	-8.783
3540.750	0.880	-9.149
3540.760	0.880	-9.496
3540.770	0.880	-9.723
3540.780	0.950	-9.837
3540.790	0.950	-10.333
3540.800	0.950	-10.553
3540.810	1.010	-10.480
3540.820	1.010	-11.205
3540.830	1.010	-11.376
3540.840	1.070	-11.596
3540.850	1.070	-11.376
3540.860	1.070	-11.742
3540.870	1.120	-12.328
3540.880	1.120	-12.402
3540.890	1.120	-12.565
3540.900	1.170	-12.638
3540.910	1.170	-13.078
3540.920	1.170	-12.785
3540.930	1.190	-12.725
3540.940	1.190	-13.262
3540.950	1.190	-13.262
3540.960	1.220	-13.482
3540.970	1.220	-13.482
3540.980	1.220	-13.661
3540.990	1.230	-13.394
3541.000	1.230	-13.460
3541.010	1.230	-13.679
3541.020	1.230	-13.679
3541.030	1.230	-13.959
3541.040	1.230	-13.788
3541.050	1.230	-13.755
3541.060	1.230	-13.755
3541.070	1.230	-13.535
3541.080	1.210	-13.828
3541.090	1.210	-13.655
3541.100	1.210	-13.736
3541.110	1.180	-13.457
3541.120	1.180	-13.660
3541.130	1.180	-13.147
3541.140	1.140	-12.781
3541.150	1.140	-13.181
3541.160	1.140	-12.741
3541.170	1.090	-12.561
3541.180	1.090	-12.171
3541.190	1.090	-12.464
3541.200	1.030	-11.951
3541.210	1.030	-11.425
3541.220	1.030	-11.295
3541.230	0.960	-11.128
3541.240	0.960	-11.259
3541.250	0.960	-10.526
3541.260	0.880	-10.380
3541.270	0.880	-10.266
3541.280	0.880	-9.851
3541.290	0.800	-9.598
3541.300	0.800	-9.297
3541.310	0.800	-9.078
3541.320	0.710	-8.711
3541.330	0.710	-8.438
3541.340	0.710	-7.649
3541.350	0.550	-7.516
3541.360	0.550	-7.451
3541.370	0.550	-7.011
3541.380	0.510	-6.572
3541.390	0.510	-5.799
3541.400	0.510	-5.441
3541.410	0.400	-5.441
3541.420	0.400	-4.929
3541.430	0.400	-4.270
3541.440	0.290	-4.270
3541.450	0.290	-3.817
3541.460	0.290	-2.637
3541.470	0.160	-2.637
3541.480	0.160	-2.344
3541.490	0.160	-1.685
3541.500	0.040	-1.685
3541.510	0.040	-1.099
3541.520	0.040	-0.293
3541.530	-0.060	-0.293
3541.540	-0.060	0.146
3541.550	-0.060	0.879
3541.560	-0.160	0.879
3541.570	-0.160	1.318
3541.580	-0.160	2.051
3541.590	-0.270	2.051
3541.600	-0.270	2.344
3541.610	-0.270	2.637
3541.620	-0.360	3.030
3541.630	-0.360	3.697
3541.640	-0.360	4.063
3541.650	-0.460	4.283
3541.660	-0.460	4.576
3541.670	-0.460	5.015
3541.680	-0.550	5.162
3541.690	-0.550	5.455
3541.700	-0.550	5.967
3541.710	-0.640	6.467
3541.720	-0.640	6.733
3541.730	-0.640	6.945
3541.740	-0.710	7.091
3541.750	-0.710	7.311
3541.760	-0.710	7.897
3541.770	-0.780	7.890
3541.780	-0.780	8.435
3541.790	-0.780	8.728
3541.800	-0.840	8.655
3541.810	-0.840	9.035
3541.820	-0.840	9.474
3541.830	-0.890	9.474
3541.840	-0.890	9.621
3541.850	-0.890	10.060
3541.860	-0.960	10.060
3541.870	-0.960	10.360
3541.880	-0.960	10.400
3541.890	-1.010	10.400
3541.900	-1.010	11.060
3541.910	-1.010	11.279
3541.920	-1.040	11.279
3541.930	-1.040	11.060
3541.940	-1.040	11.865
3541.950	-1.080	11.865
3541.960	-1.080	11.646
3541.970	-1.080	12.012
3541.980	-1.090	12.012
3541.990	-1.090	12.524
3542.000	-1.090	12.378
3542.010	-1.110	12.378
3542.020	-1.110	12.305
3542.030	-1.110	12.012
3542.040	-1.100	12.012
3542.050	-1.100	12.231
3542.060	-1.100	12.598
3542.070	-1.100	12.598
3542.080	-1.100	12.012
3542.090	-1.100	12.158
3542.100	-1.080	12.158
3542.110	-1.080	11.938
3542.120	-1.080	11.646
3542.130	-1.040	11.646
3542.140	-1.040	11.865
3542.150	-1.040	11.279
3542.160	-1.010	11.279
3542.170	-1.010	11.206
3542.180	-1.010	10.913
3542.190	-0.940	10.913
3542.200	-0.940	10.767
3542.210	-0.940	10.547
3542.220	-0.880	10.547
3542.230	-0.880	10.107
3542.240	-0.880	9.595
3542.250	-0.810	9.595
3542.260	-0.810	9.375
3542.270	-0.810	8.789
3542.280	-0.730	8.789
3542.290	-0.730	8.423
3542.300	-0.730	8.130
3542.310	-0.650	8.130
3542.320	-0.650	7.544
3542.330	-0.650	6.519
3542.340	-0.550	6.519
3542.350	-0.550	6.152
3542.360	-0.550	5.713
3542.370	-0.440	5.713
3542.380	-0.440	5.200
3542.390	-0.440	4.834
3542.400	-0.330	4.395
3542.410	-0.330	3.882
3542.420	-0.330	3.442
3542.430	-0.210	3.442
3542.440	-0.210	3.149
3542.450	-0.210	2.124
3542.460	-0.090	2.124
3542.470	-0.090	1.685
3542.480	-0.090	0.732
3542.490	0.030	0.732
3542.500	0.030	0.293
3542.510	0.030	-0.732
3542.520	0.150	-0.732
3542.530	0.150	-1.172
3542.540	0.150	-2.051
3542.550	0.280	-2.051
3542.560	0.280	-2.783
3542.570	0.280	-3.516
3542.580	0.400	-3.516
3542.590	0.400	-3.662
3542.600	0.400	-3.955
3542.610	0.500	-4.468
3542.620	0.500	-4.826
3542.630	0.500	-5.119
3542.640	0.580	-5.851
3542.650	0.580	-6.071
3542.660	0.580	-6.364
3542.670	0.670	-6.364
3542.680	0.670	-6.877
3542.690	0.670	-8.049
3542.700	0.740	-8.049
3542.710	0.740	-7.975
3542.720	0.740	-8.716
3542.730	0.820	-8.716
3542.740	0.820	-8.643
3542.750	0.820	-9.521
3542.760	0.910	-9.521
3542.770	0.910	-9.961
3542.780	0.910	-10.620
3542.790	0.980	-10.620
3542.800	0.980	-10.254
3542.810	0.980	-11.060
3542.820	1.040	-11.060
3542.830	1.040	-11.426
3542.840	1.040	-11.426
3542.850	1.090	-11.646
3542.860	1.090	-12.085
3542.870	1.090	-12.085
3542.880	1.140	-12.058
3542.890	1.140	-12.132
3542.900	1.140	-12.864
3542.910	1.170	-12.718
3542.920	1.170	-13.084
3542.930	1.170	-13.010
3542.940	1.200	-13.457
3542.950	1.200	-13.212
3542.960	1.200	-13.286
3542.970	1.230	-13.579
3542.980	1.230	-13.679
3542.990	1.230	-13.752
3543.000	1.230	-13.605
3543.010	1.230	-13.825
3543.020	1.230	-13.532
3543.030	1.210	-13.532
3543.040	1.210	-13.745
3543.050	1.210	-13.623
3543.060	1.210	-13.623
3543.070	1.210	-13.403
3543.080	1.210	-13.184
3543.090	1.190	-13.184
3543.100	1.190	-13.110
3543.110	1.190	-13.037
3543.120	1.150	-13.037
3543.130	1.150	-13.110
3543.140	1.150	-13.110
3543.150	1.120	-13.110
3543.160	1.120	-12.524
3543.170	1.120	-12.158
3543.180	1.080	-12.158
3543.190	1.080	-12.451
3543.200	1.080	-11.719
3543.210	1.010	-11.719
3543.220	1.010	-11.646
3543.230	1.010	-11.206
3543.240	0.940	-11.206
3543.250	0.940	-10.474
3543.260	0.940	-10.107
3543.270	0.850	-10.107
3543.280	0.850	-10.034
3543.290	0.850	-9.229
3543.300	0.760	-9.229
3543.310	0.760	-8.716
3543.320	0.760	-8.569
3543.330	0.650	-7.910
3543.340	0.650	-7.617
3543.350	0.650	-7.617
3543.360	0.530	-7.124
3543.370	0.530	-6.726
3543.380	0.530	-6.140
3543.390	0.420	-5.481
3543.400	0.420	-5.188
3543.410	0.420	-4.821
3543.420	0.310	-4.349
3543.430	0.310	-4.007
3543.440	0.310	-2.981
3543.450	0.190	-2.981
3543.460	0.190	-2.522
3543.470	0.190	-1.895
3543.480	0.070	-1.895
3543.490	0.070	-1.602
3543.500	0.070	-0.870
3543.510	-0.030	-0.870
3543.520	-0.030	-0.317
3543.530	-0.030	0.073
3543.540	-0.130	0.559
3543.550	-0.130	1.039
3543.560	-0.130	1.332
3543.570	-0.220	1.625
3543.580	-0.220	1.992
3543.590	-0.220	2.285
3543.600	-0.320	2.578
3543.610	-0.320	3.090
3543.620	-0.320	3.530
3543.630	-0.420	3.849
3543.640	-0.420	4.153
3543.650	-0.420	4.551
3543.660	-0.510	4.918
3543.670	-0.510	5.211
3543.680	-0.510	5.504
3543.690	-0.610	6.209
3543.700	-0.610	6.576
3543.710	-0.610	6.795
3543.720	-0.700	7.088
3543.730	-0.700	7.281
3543.740	-0.700	7.664
3543.750	-0.790	7.957
3543.760	-0.790	8.250
3543.770	-0.790	8.762
3543.780	-0.870	8.975
3543.790	-0.870	9.360
3543.800	-0.870	9.653
3543.810	-0.940	10.019
3543.820	-0.940	9.946
3543.830	-0.940	10.459
3543.840	-1.010	10.639
3543.850	-1.010	11.005
3543.860	-1.010	11.078
3543.870	-1.060	11.245
3543.880	-1.060	11.666
3543.890	-1.060	11.674
3543.900	-1.090	11.515
3543.910	-1.090	11.889
3543.920	-1.090	12.182
3543.930	-1.130	12.342
3543.940	-1.130	12.268
3543.950	-1.130	12.341
3543.960	-1.150	12.521
3543.970	-1.150	12.639
3543.980	-1.150	12.517
3543.990	-1.170	12.524
3544.000	-1.170	13.286
3544.010	-1.170	12.765
3544.020	-1.180	12.991
3544.030	-1.180	12.962
3544.040	-1.180	13.222
3544.050	-1.170	12.683
3544.060	-1.170	13.260
3544.070	-1.170	13.341
3544.080	-1.170	13.241
3544.090	-1.170	13.389
3544.100	-1.170	12.934
3544.110	-1.140	13.173
3544.120	-1.140	12.752
3544.130	-1.140	12.914
3544.140	-1.130	12.728
3544.150	-1.130	13.113
3544.160	-1.130	12.282
3544.170	-1.080	12.149
3544.180	-1.080	12.290
3544.190	-1.080	11.916
3544.200	-1.030	11.476
3544.210	-1.030	11.513
3544.220	-1.030	11.635
3544.230	-0.970	11.236
3544.240	-0.970	11.080
3544.250	-0.970	10.502
3544.260	-0.890	10.689
3544.270	-0.890	10.252
3544.280	-0.890	10.065
3544.290	-0.810	9.559
3544.300	-0.810	9.478
3544.310	-0.810	8.908
3544.320	-0.700	8.675
3544.330	-0.700	8.261
3544.340	-0.700	7.943
3544.350	-0.600	7.804
3544.360	-0.600	7.308
3544.370	-0.600	6.779
3544.380	-0.500	6.160
3544.390	-0.500	6.064
3544.400	-0.500	5.925
3544.410	-0.390	5.592
3544.420	-0.390	4.971
3544.430	-0.390	4.613
3544.440	-0.220	4.087
3544.450	-0.220	3.584
3544.460	-0.220	3.161
3544.470	-0.170	2.861
3544.480	-0.170	2.609
3544.490	-0.170	2.040
3544.500	-0.050	1.527
3544.510	-0.050	0.965
3544.520	-0.050	0.647
3544.530	0.060	0.155
3544.540	0.060	-0.141
3544.550	0.060	-0.524
3544.560	0.190	-1.003
3544.570	0.190	-1.477
3544.580	0.190	-2.144
3544.590	0.290	-2.477
3544.600	0.290	-2.884
3544.610	0.290	-3.087
3544.620	0.390	-3.414
3544.630	0.390	-3.946
3544.640	0.390	-4.369
3544.650	0.470	-4.682
3544.660	0.470	-5.163
3544.670	0.470	-5.635
3544.680	0.560	-5.515
3544.690	0.560	-5.833
3544.700	0.560	-6.232
3544.710	0.650	-6.598
3544.720	0.650	-7.013
3544.730	0.650	-7.452
3544.740	0.740	-7.532
3544.750	0.740	-7.895
3544.760	0.740	-8.179
3544.770	0.820	-8.166
3544.780	0.820	-9.084
3544.790	0.820	-9.165
3544.800	0.880	-9.225
3544.810	0.880	-9.632
3544.820	0.880	-9.917
3544.830	0.930	-9.810
3544.840	0.930	-10.121
3544.850	0.930	-10.471
3544.860	0.980	-10.371
3544.870	0.980	-10.970
3544.880	0.980	-10.392
3544.890	1.020	-10.858
3544.900	1.020	-11.132
3544.910	1.020	-11.458
3544.920	1.040	-11.225
3544.930	1.040	-11.624
3544.940	1.040	-11.819
3544.950	1.060	-11.906
3544.960	1.060	-11.802
3544.970	1.060	-11.656
3544.980	1.080	-11.982
3544.990	1.080	-12.248
3545.000	1.080	-12.061
3545.010	1.090	-11.862
3545.020	1.090	-12.379
3545.030	1.090	-12.160
3545.040	1.070	-11.940
3545.050	1.070	-11.853
3545.060	1.070	-12.130
3545.070	1.060	-11.944
3545.080	1.060	-11.870
3545.090	1.060	-11.650
3545.100	1.040	-11.763
3545.110	1.040	-11.882
3545.120	1.040	-11.230
3545.130	1.000	-11.117
3545.140	1.000	-11.223
3545.150	1.000	-11.223
3545.160	0.940	-10.850
3545.170	0.940	-10.776
3545.180	0.940	-10.744
3545.190	0.900	-10.431
3545.200	0.900	-10.586
3545.210	0.900	-9.935
3545.220	0.840	-10.002
3545.230	0.840	-9.765
3545.240	0.840	-9.439
3545.250	0.760	-9.193
3545.260	0.760	-9.126
3545.270	0.760	-8.654
3545.280	0.680	-8.295
3545.290	0.680	-8.176
3545.300	0.680	-7.542
3545.310	0.590	-7.342
3545.320	0.590	-7.357
3545.330	0.590	-6.974
3545.340	0.500	-6.575
3545.350	0.500	-5.902
3545.360	0.500	-5.462
3545.370	0.390	-5.209
3545.380	0.390	-4.950
3545.390	0.390	-4.429
