%Time [ms]	Commanded Torque [mNm]	Angular Velocity [RPM]	Actual Current [Amp]	%2/17/20261:24 PM
0.000	0.000	0.000	0.000
20.000	8.000	-19.531	-0.031
30.000	8.000	-19.531	-0.031
40.000	8.000	-19.531	-0.031
50.000	8.000	-42.969	-0.014
60.000	8.000	-42.969	-0.014
70.000	8.000	-42.969	-0.014
80.000	8.000	-3.906	-0.039
90.000	8.000	-3.906	-0.039
100.000	8.000	-3.906	-0.039
110.000	8.000	-11.719	-0.018
120.000	8.000	-11.719	-0.018
130.000	8.000	-11.719	-0.018
140.000	8.000	-35.156	-0.007
150.000	8.000	-35.156	-0.007
160.000	8.000	-35.156	-0.007
170.000	8.000	-5.859	-0.015
180.000	8.000	-5.859	-0.015
190.000	8.000	-5.859	-0.015
200.000	8.000	-9.766	-0.021
210.000	8.000	-9.766	-0.021
220.000	8.000	-9.766	-0.021
230.000	8.000	-37.109	-0.024
240.000	8.000	-37.109	-0.024
250.000	8.000	-37.109	-0.024
260.000	8.000	0.000	-0.016
270.000	8.000	0.000	-0.016
280.000	8.000	0.000	-0.016
290.000	8.000	-48.828	-0.020
300.000	8.000	-48.828	-0.020
310.000	8.000	-48.828	-0.020
320.000	8.000	-9.766	-0.016
330.000	8.000	-9.766	-0.016
340.000	8.000	-9.766	-0.016
350.000	8.000	-7.812	-0.014
360.000	8.000	-7.812	-0.014
370.000	8.000	-7.812	-0.014
380.000	8.000	-1.953	-0.046
390.000	8.000	-1.953	-0.046
400.000	8.000	-1.953	-0.046
410.000	8.000	-15.625	-0.025
420.000	8.000	-15.625	-0.025
430.000	8.000	-15.625	-0.025
440.000	8.000	-17.578	-0.022
450.000	8.000	-17.578	-0.022
460.000	8.000	-17.578	-0.022
470.000	8.000	-33.203	-0.005
480.000	8.000	-33.203	-0.005
490.000	8.000	-33.203	-0.005
500.000	8.000	-31.250	-0.028
510.000	8.000	-31.250	-0.028
520.000	8.000	-31.250	-0.028
530.000	8.000	-37.109	-0.004
540.000	8.000	-37.109	-0.004
550.000	8.000	-37.109	-0.004
560.000	8.000	-39.062	-0.016
570.000	8.000	-39.062	-0.016
580.000	8.000	-39.062	-0.016
590.000	8.000	-17.578	-0.038
600.000	8.000	-17.578	-0.038
610.000	8.000	-17.578	-0.038
620.000	8.000	-33.203	-0.017
630.000	8.000	-33.203	-0.017
640.000	8.000	-33.203	-0.017
650.000	8.000	-27.344	-0.040
660.000	8.000	-27.344	-0.040
670.000	8.000	-27.344	-0.040
680.000	8.000	-31.250	-0.008
690.000	8.000	-31.250	-0.008
700.000	8.000	-31.250	-0.008
710.000	8.000	-35.156	-0.003
720.000	8.000	-35.156	-0.003
730.000	8.000	-35.156	-0.003
740.000	8.000	-13.672	-0.031
750.000	8.000	-13.672	-0.031
760.000	8.000	-13.672	-0.031
770.000	8.000	-37.109	-0.037
780.000	8.000	-37.109	-0.037
790.000	8.000	-37.109	-0.037
800.000	8.000	-23.437	-0.028
810.000	8.000	-23.437	-0.028
820.000	8.000	-23.437	-0.028
830.000	8.000	-44.922	-0.033
840.000	8.000	-44.922	-0.033
850.000	8.000	-44.922	-0.033
860.000	8.000	-29.297	-0.024
870.000	8.000	-29.297	-0.024
880.000	8.000	-29.297	-0.024
890.000	8.000	-29.297	-0.007
900.000	8.000	-29.297	-0.007
910.000	8.000	-29.297	-0.007
920.000	8.000	-17.578	-0.013
930.000	8.000	-17.578	-0.013
940.000	8.000	-17.578	-0.013
950.000	8.000	-5.859	-0.017
960.000	8.000	-5.859	-0.017
970.000	8.000	-5.859	-0.017
980.000	8.000	-25.391	-0.024
990.000	8.000	-25.391	-0.024
1000.000	8.000	-25.391	-0.024
1010.000	8.000	-29.297	-0.021
1020.000	8.000	-29.297	-0.021
1030.000	8.000	-29.297	-0.021
1040.000	8.000	-17.578	-0.015
1050.000	8.000	-17.578	-0.015
1060.000	8.000	-17.578	-0.015
1070.000	8.000	-1.953	-0.021
1080.000	8.000	-1.953	-0.021
1090.000	8.000	-1.953	-0.021
1100.000	8.000	-13.672	0.087
1110.000	8.000	-13.672	0.087
1120.000	8.000	-13.672	0.087
1130.000	8.000	-19.531	0.164
1140.000	8.000	-19.531	0.164
1150.000	8.000	-19.531	0.164
1160.000	8.000	-33.203	0.212
1170.000	8.000	-33.203	0.212
1180.000	8.000	-33.203	0.212
1190.000	8.000	-1.953	0.186
1200.000	8.000	-1.953	0.186
1210.000	8.000	-1.953	0.186
1220.000	8.000	27.344	0.206
1230.000	8.000	27.344	0.206
1240.000	8.000	27.344	0.206
1250.000	8.000	35.156	0.226
1260.000	8.000	35.156	0.226
1270.000	8.000	35.156	0.226
1280.000	8.000	54.687	0.217
1290.000	8.000	54.687	0.217
1300.000	8.000	54.687	0.217
1310.000	8.000	52.734	0.232
1320.000	8.000	52.734	0.232
1330.000	8.000	52.734	0.232
1340.000	8.000	80.078	0.228
1350.000	8.000	80.078	0.228
1360.000	8.000	80.078	0.228
1370.000	8.000	76.172	0.207
1380.000	8.000	76.172	0.207
1390.000	8.000	76.172	0.207
1400.000	8.000	130.859	0.219
1410.000	8.000	130.859	0.219
1420.000	8.000	130.859	0.219
1430.000	8.000	160.156	0.210
1440.000	8.000	160.156	0.210
1450.000	8.000	160.156	0.210
1460.000	8.000	132.812	0.231
1470.000	8.000	132.812	0.231
1480.000	8.000	132.812	0.231
1490.000	8.000	158.203	0.221
1500.000	8.000	158.203	0.221
1510.000	8.000	158.203	0.221
1520.000	8.000	162.109	0.196
1530.000	8.000	162.109	0.196
1540.000	8.000	162.109	0.196
1550.000	8.000	197.266	0.203
1560.000	8.000	197.266	0.203
1570.000	8.000	197.266	0.203
1580.000	8.000	166.016	0.195
1590.000	8.000	166.016	0.195
1600.000	8.000	166.016	0.195
1610.000	8.000	195.312	0.214
1620.000	8.000	195.312	0.214
1630.000	8.000	195.312	0.214
1640.000	8.000	199.219	0.205
1650.000	8.000	199.219	0.205
1660.000	8.000	199.219	0.205
1670.000	8.000	230.469	0.204
1680.000	8.000	230.469	0.204
1690.000	8.000	230.469	0.204
1700.000	8.000	277.344	0.224
1710.000	8.000	277.344	0.224
1720.000	8.000	277.344	0.224
1730.000	8.000	281.250	0.217
1740.000	8.000	281.250	0.217
1750.000	8.000	281.250	0.217
1760.000	8.000	291.016	0.228
1770.000	8.000	291.016	0.228
1780.000	8.000	291.016	0.228
1790.000	8.000	275.391	0.196
1800.000	8.000	275.391	0.196
1810.000	8.000	275.391	0.196
1820.000	8.000	292.969	0.213
1830.000	8.000	292.969	0.213
1840.000	8.000	292.969	0.213
1850.000	8.000	306.641	0.224
1860.000	8.000	306.641	0.224
1870.000	8.000	306.641	0.224
1880.000	8.000	335.937	0.223
1890.000	8.000	335.937	0.223
1900.000	8.000	335.937	0.223
1910.000	8.000	357.422	0.210
1920.000	8.000	357.422	0.210
1930.000	8.000	357.422	0.210
1940.000	8.000	347.656	0.213
1950.000	8.000	347.656	0.213
1960.000	8.000	347.656	0.213
1970.000	8.000	347.656	0.209
1980.000	8.000	347.656	0.209
1990.000	8.000	347.656	0.209
2000.000	8.000	427.734	0.224
2010.000	8.000	427.734	0.224
2020.000	8.000	427.734	0.224
2030.000	8.000	373.047	0.198
2040.000	8.000	373.047	0.198
2050.000	8.000	373.047	0.198
2060.000	8.000	414.062	0.227
2070.000	8.000	414.062	0.227
2080.000	8.000	414.062	0.227
2090.000	8.000	458.984	0.229
2100.000	8.000	458.984	0.229
2110.000	8.000	458.984	0.229
2120.000	8.000	433.594	0.227
2130.000	8.000	433.594	0.227
2140.000	8.000	433.594	0.227
2150.000	8.000	464.844	0.212
2160.000	8.000	464.844	0.212
2170.000	8.000	464.844	0.212
2180.000	8.000	496.094	0.210
2190.000	8.000	496.094	0.210
2200.000	8.000	496.094	0.210
2210.000	8.000	488.281	0.217
2220.000	8.000	488.281	0.217
2230.000	8.000	488.281	0.217
2240.000	8.000	468.750	0.219
2250.000	8.000	468.750	0.219
2260.000	8.000	468.750	0.219
2270.000	8.000	498.047	0.194
2280.000	8.000	498.047	0.194
2290.000	8.000	498.047	0.194
2300.000	8.000	513.672	0.206
2310.000	8.000	513.672	0.206
2320.000	8.000	513.672	0.206
2330.000	8.000	546.875	0.213
2340.000	8.000	546.875	0.213
2350.000	8.000	546.875	0.213
2360.000	8.000	535.156	0.210
2370.000	8.000	535.156	0.210
2380.000	8.000	535.156	0.210
2390.000	8.000	558.594	0.229
2400.000	8.000	558.594	0.229
2410.000	8.000	558.594	0.229
2420.000	8.000	570.312	0.209
2430.000	8.000	570.312	0.209
2440.000	8.000	570.312	0.209
2450.000	8.000	566.406	0.208
2460.000	8.000	566.406	0.208
2470.000	8.000	566.406	0.208
2480.000	8.000	585.937	0.214
2490.000	8.000	585.937	0.214
2500.000	8.000	585.937	0.214
2510.000	8.000	589.844	0.207
2520.000	8.000	589.844	0.207
2530.000	8.000	589.844	0.207
2540.000	8.000	632.812	0.230
2550.000	8.000	632.812	0.230
2560.000	8.000	632.812	0.230
2570.000	8.000	640.625	0.204
2580.000	8.000	640.625	0.204
2590.000	8.000	640.625	0.204
2600.000	8.000	630.859	0.216
2610.000	8.000	630.859	0.216
2620.000	8.000	630.859	0.216
2630.000	8.000	667.969	0.215
2640.000	8.000	667.969	0.215
2650.000	8.000	667.969	0.215
2660.000	8.000	679.687	0.210
2670.000	8.000	679.687	0.210
2680.000	8.000	679.687	0.210
2690.000	8.000	699.219	0.224
2700.000	8.000	699.219	0.224
2710.000	8.000	699.219	0.224
2720.000	8.000	701.172	0.224
2730.000	8.000	701.172	0.224
2740.000	8.000	701.172	0.224
2750.000	8.000	744.141	0.221
2760.000	8.000	744.141	0.221
2770.000	8.000	744.141	0.221
2780.000	8.000	724.609	0.203
2790.000	8.000	724.609	0.203
2800.000	8.000	724.609	0.203
2810.000	8.000	753.906	0.215
2820.000	8.000	753.906	0.215
2830.000	8.000	753.906	0.215
2840.000	8.000	757.812	0.190
2850.000	8.000	757.812	0.190
2860.000	8.000	757.812	0.190
2870.000	8.000	736.328	0.208
2880.000	8.000	736.328	0.208
2890.000	8.000	736.328	0.208
2900.000	8.000	753.906	0.221
2910.000	8.000	753.906	0.221
2920.000	8.000	753.906	0.221
2930.000	8.000	791.016	0.204
2940.000	8.000	791.016	0.204
2950.000	8.000	791.016	0.204
2960.000	8.000	779.297	0.201
2970.000	8.000	779.297	0.201
2980.000	8.000	779.297	0.201
2990.000	8.000	796.875	0.211
3000.000	8.000	796.875	0.211
3010.000	8.000	796.875	0.211
3020.000	8.000	775.391	0.208
3030.000	8.000	775.391	0.208
3040.000	8.000	775.391	0.208
3050.000	8.000	833.984	0.194
3060.000	8.000	833.984	0.194
3070.000	8.000	833.984	0.194
3080.000	8.000	847.656	0.203
3090.000	8.000	847.656	0.203
3100.000	8.000	847.656	0.203
3110.000	8.000	814.453	0.215
3120.000	8.000	814.453	0.215
3130.000	8.000	814.453	0.215
3140.000	8.000	863.281	0.202
3150.000	8.000	863.281	0.202
3160.000	8.000	863.281	0.202
3170.000	8.000	847.656	0.203
3180.000	8.000	847.656	0.203
3190.000	8.000	847.656	0.203
3200.000	8.000	888.672	0.204
3210.000	8.000	888.672	0.204
3220.000	8.000	888.672	0.204
3230.000	8.000	894.531	0.229
3240.000	8.000	894.531	0.229
3250.000	8.000	894.531	0.229
3260.000	8.000	882.812	0.205
3270.000	8.000	882.812	0.205
3280.000	8.000	882.812	0.205
3290.000	8.000	894.531	0.220
3300.000	8.000	894.531	0.220
3310.000	8.000	894.531	0.220
3320.000	8.000	914.062	0.198
3330.000	8.000	914.062	0.198
3340.000	8.000	914.062	0.198
3350.000	8.000	931.641	0.222
3360.000	8.000	931.641	0.222
3370.000	8.000	931.641	0.222
3380.000	8.000	980.469	0.224
3390.000	8.000	980.469	0.224
3400.000	8.000	980.469	0.224
3410.000	8.000	974.609	0.229
3420.000	8.000	974.609	0.229
3430.000	8.000	974.609	0.229
3440.000	8.000	986.328	0.217
3450.000	8.000	986.328	0.217
3460.000	8.000	986.328	0.217
3470.000	8.000	1005.859	0.221
3480.000	8.000	1005.859	0.221
3490.000	8.000	1005.859	0.221
3500.000	8.000	984.375	0.203
3510.000	8.000	984.375	0.203
3520.000	8.000	984.375	0.203
3530.000	8.000	992.187	0.190
3540.000	8.000	992.187	0.190
3550.000	8.000	992.187	0.190
3560.000	8.000	1000.000	0.205
3570.000	8.000	1000.000	0.205
3580.000	8.000	1000.000	0.205
3590.000	8.000	1035.156	0.217
3600.000	8.000	1035.156	0.217
3610.000	8.000	1035.156	0.217
3620.000	8.000	1046.875	0.228
3630.000	8.000	1046.875	0.228
3640.000	8.000	1046.875	0.228
3650.000	8.000	1039.062	0.227
3660.000	8.000	1039.062	0.227
3670.000	8.000	1039.062	0.227
3680.000	8.000	1031.250	0.214
3690.000	8.000	1031.250	0.214
3700.000	8.000	1031.250	0.214
3710.000	8.000	1066.406	0.203
3720.000	8.000	1066.406	0.203
3730.000	8.000	1066.406	0.203
3740.000	8.000	1097.656	0.220
3750.000	8.000	1097.656	0.220
3760.000	8.000	1097.656	0.220
3770.000	8.000	1105.469	0.209
3780.000	8.000	1105.469	0.209
3790.000	8.000	1105.469	0.209
3800.000	8.000	1142.578	0.232
3810.000	8.000	1142.578	0.232
3820.000	8.000	1142.578	0.232
3830.000	8.000	1115.234	0.210
3840.000	8.000	1115.234	0.210
3850.000	8.000	1115.234	0.210
3860.000	8.000	1146.484	0.216
3870.000	8.000	1146.484	0.216
3880.000	8.000	1146.484	0.216
3890.000	8.000	1142.578	0.219
3900.000	8.000	1142.578	0.219
3910.000	8.000	1142.578	0.219
3920.000	8.000	1154.297	0.202
3930.000	8.000	1154.297	0.202
3940.000	8.000	1154.297	0.202
3950.000	8.000	1156.250	0.229
3960.000	8.000	1156.250	0.229
3970.000	8.000	1156.250	0.229
3980.000	8.000	1197.266	0.221
3990.000	8.000	1197.266	0.221
4000.000	8.000	1197.266	0.221
4010.000	8.000	1179.687	0.198
4020.000	8.000	1179.687	0.198
4030.000	8.000	1179.687	0.198
4040.000	8.000	1208.984	0.217
4050.000	8.000	1208.984	0.217
4060.000	8.000	1208.984	0.217
4070.000	8.000	1230.469	0.201
4080.000	8.000	1230.469	0.201
4090.000	8.000	1230.469	0.201
4100.000	8.000	1191.406	0.204
4110.000	8.000	1191.406	0.204
4120.000	8.000	1191.406	0.204
4130.000	8.000	1240.234	0.195
4140.000	8.000	1240.234	0.195
4150.000	8.000	1240.234	0.195
4160.000	8.000	1251.953	0.208
4170.000	8.000	1251.953	0.208
4180.000	8.000	1251.953	0.208
4190.000	8.000	1250.000	0.194
4200.000	8.000	1250.000	0.194
4210.000	8.000	1250.000	0.194
4220.000	8.000	1271.484	0.206
4230.000	8.000	1271.484	0.206
4240.000	8.000	1271.484	0.206
4250.000	8.000	1273.437	0.229
4260.000	8.000	1273.437	0.229
4270.000	8.000	1273.437	0.229
4280.000	8.000	1287.109	0.218
4290.000	8.000	1287.109	0.218
4300.000	8.000	1287.109	0.218
4310.000	8.000	1294.922	0.192
4320.000	8.000	1294.922	0.192
4330.000	8.000	1294.922	0.192
4340.000	8.000	1283.203	0.215
4350.000	8.000	1283.203	0.215
4360.000	8.000	1283.203	0.215
4370.000	8.000	1279.297	0.211
4380.000	8.000	1279.297	0.211
4390.000	8.000	1279.297	0.211
4400.000	8.000	1289.062	0.217
4410.000	8.000	1289.062	0.217
4420.000	8.000	1289.062	0.217
4430.000	8.000	1359.375	0.221
4440.000	8.000	1359.375	0.221
4450.000	8.000	1359.375	0.221
4460.000	8.000	1339.844	0.205
4470.000	8.000	1339.844	0.205
4480.000	8.000	1339.844	0.205
4490.000	8.000	1353.516	0.213
4500.000	8.000	1353.516	0.213
4510.000	8.000	1353.516	0.213
4520.000	8.000	1373.047	0.217
4530.000	8.000	1373.047	0.217
4540.000	8.000	1373.047	0.217
4550.000	8.000	1386.719	0.210
4560.000	8.000	1386.719	0.210
4570.000	8.000	1386.719	0.210
4580.000	8.000	1382.812	0.191
4590.000	8.000	1382.812	0.191
4600.000	8.000	1382.812	0.191
4610.000	8.000	1390.625	0.201
4620.000	8.000	1390.625	0.201
4630.000	8.000	1390.625	0.201
4640.000	8.000	1431.641	0.237
4650.000	8.000	1431.641	0.237
4660.000	8.000	1431.641	0.237
4670.000	8.000	1412.109	0.198
4680.000	8.000	1412.109	0.198
4690.000	8.000	1412.109	0.198
4700.000	8.000	1457.031	0.227
4710.000	8.000	1457.031	0.227
4720.000	8.000	1457.031	0.227
4730.000	8.000	1412.109	0.204
4740.000	8.000	1412.109	0.204
4750.000	8.000	1412.109	0.204
4760.000	8.000	1445.312	0.214
4770.000	8.000	1445.312	0.214
4780.000	8.000	1445.312	0.214
4790.000	8.000	1462.891	0.188
4800.000	8.000	1462.891	0.188
4810.000	8.000	1462.891	0.188
4820.000	8.000	1462.891	0.227
4830.000	8.000	1462.891	0.227
4840.000	8.000	1462.891	0.227
4850.000	8.000	1486.328	0.195
4860.000	8.000	1486.328	0.195
4870.000	8.000	1486.328	0.195
4880.000	8.000	1478.516	0.216
4890.000	8.000	1478.516	0.216
4900.000	8.000	1478.516	0.216
4910.000	8.000	1511.719	0.203
4920.000	8.000	1511.719	0.203
4930.000	8.000	1511.719	0.203
4940.000	8.000	1490.234	0.225
4950.000	8.000	1490.234	0.225
4960.000	8.000	1490.234	0.225
4970.000	8.000	1513.672	0.220
4980.000	8.000	1513.672	0.220
4990.000	8.000	1513.672	0.220
5000.000	8.000	1531.250	0.214
5010.000	8.000	1531.250	0.214
5020.000	8.000	1531.250	0.214
5030.000	8.000	1556.641	0.200
5040.000	8.000	1556.641	0.200
5050.000	8.000	1556.641	0.200
5060.000	8.000	1544.922	0.218
5070.000	8.000	1544.922	0.218
5080.000	8.000	1544.922	0.218
5090.000	8.000	1525.391	0.221
5100.000	8.000	1525.391	0.221
5110.000	8.000	1525.391	0.221
5120.000	8.000	1556.641	0.211
5130.000	8.000	1556.641	0.211
5140.000	8.000	1556.641	0.211
5150.000	8.000	1597.656	0.216
5160.000	8.000	1597.656	0.216
5170.000	8.000	1597.656	0.216
5180.000	8.000	1566.406	0.194
5190.000	8.000	1566.406	0.194
5200.000	8.000	1566.406	0.194
5210.000	8.000	1591.797	0.225
5220.000	8.000	1591.797	0.225
5230.000	8.000	1591.797	0.225
5240.000	8.000	1580.078	0.199
5250.000	8.000	1580.078	0.199
5260.000	8.000	1580.078	0.199
5270.000	8.000	1613.281	0.207
5280.000	8.000	1613.281	0.207
5290.000	8.000	1613.281	0.207
5300.000	8.000	1636.719	0.213
5310.000	8.000	1636.719	0.213
5320.000	8.000	1636.719	0.213
5330.000	8.000	1632.812	0.201
5340.000	8.000	1632.812	0.201
5350.000	8.000	1632.812	0.201
5360.000	8.000	1646.484	0.208
5370.000	8.000	1646.484	0.208
5380.000	8.000	1646.484	0.208
5390.000	8.000	1652.344	0.228
5400.000	8.000	1652.344	0.228
5410.000	8.000	1652.344	0.228
5420.000	8.000	1660.156	0.205
5430.000	8.000	1660.156	0.205
5440.000	8.000	1660.156	0.205
5450.000	8.000	1667.969	0.204
5460.000	8.000	1667.969	0.204
5470.000	8.000	1667.969	0.204
5480.000	8.000	1664.062	0.227
5490.000	8.000	1664.062	0.227
5500.000	8.000	1664.062	0.227
5510.000	8.000	1681.641	0.232
5520.000	8.000	1681.641	0.232
5530.000	8.000	1681.641	0.232
5540.000	8.000	1707.031	0.202
5550.000	8.000	1707.031	0.202
5560.000	8.000	1707.031	0.202
5570.000	8.000	1748.047	0.188
5580.000	8.000	1748.047	0.188
5590.000	8.000	1748.047	0.188
5600.000	8.000	1697.266	0.202
5610.000	8.000	1697.266	0.202
5620.000	8.000	1697.266	0.202
5630.000	8.000	1726.562	0.212
5640.000	8.000	1726.562	0.212
5650.000	8.000	1726.562	0.212
5660.000	8.000	1722.656	0.210
5670.000	8.000	1722.656	0.210
5680.000	8.000	1722.656	0.210
5690.000	8.000	1755.859	0.223
5700.000	8.000	1755.859	0.223
5710.000	8.000	1755.859	0.223
5720.000	8.000	1761.719	0.204
5730.000	8.000	1761.719	0.204
5740.000	8.000	1761.719	0.204
5750.000	8.000	1765.625	0.210
5760.000	8.000	1765.625	0.210
5770.000	8.000	1765.625	0.210
5780.000	8.000	1800.781	0.193
5790.000	8.000	1800.781	0.193
5800.000	8.000	1800.781	0.193
5810.000	8.000	1787.109	0.209
5820.000	8.000	1787.109	0.209
5830.000	8.000	1787.109	0.209
5840.000	8.000	1789.062	0.207
5850.000	8.000	1789.062	0.207
5860.000	8.000	1789.062	0.207
5870.000	8.000	1818.359	0.225
5880.000	8.000	1818.359	0.225
5890.000	8.000	1818.359	0.225
5900.000	8.000	1802.734	0.203
5910.000	8.000	1802.734	0.203
5920.000	8.000	1802.734	0.203
5930.000	8.000	1835.937	0.213
5940.000	8.000	1835.937	0.213
5950.000	8.000	1835.937	0.213
5960.000	8.000	1820.312	0.197
5970.000	8.000	1820.312	0.197
5980.000	8.000	1820.312	0.197
5990.000	8.000	1835.937	0.205
6000.000	8.000	1835.937	0.205
6010.000	8.000	1835.937	0.205
6020.000	8.000	1828.125	0.190
6030.000	8.000	1828.125	0.190
6040.000	8.000	1828.125	0.190
6050.000	8.000	1894.531	0.225
6060.000	8.000	1894.531	0.225
6070.000	8.000	1894.531	0.225
6080.000	8.000	1835.937	0.225
6090.000	8.000	1835.937	0.225
6100.000	8.000	1835.937	0.225
6110.000	8.000	1882.812	0.102
6120.000	8.000	1882.812	0.102
6130.000	8.000	1882.812	0.102
6140.000	8.000	1863.281	0.021
6150.000	8.000	1863.281	0.021
6160.000	8.000	1863.281	0.021
6170.000	8.000	1875.000	0.008
6180.000	8.000	1875.000	0.008
6190.000	8.000	1875.000	0.008
6200.000	8.000	1851.562	-0.014
6210.000	8.000	1851.562	-0.014
6220.000	8.000	1851.562	-0.014
6230.000	8.000	1830.078	-0.032
6240.000	8.000	1830.078	-0.032
6250.000	8.000	1830.078	-0.032
6260.000	8.000	1796.875	-0.022
6270.000	8.000	1796.875	-0.022
6280.000	8.000	1796.875	-0.022
6290.000	8.000	1798.828	-0.014
6300.000	8.000	1798.828	-0.014
6310.000	8.000	1798.828	-0.014
6320.000	8.000	1812.500	-0.026
6330.000	8.000	1812.500	-0.026
6340.000	8.000	1812.500	-0.026
6350.000	8.000	1744.141	-0.023
6360.000	8.000	1744.141	-0.023
6370.000	8.000	1744.141	-0.023
6380.000	8.000	1781.250	-0.037
6390.000	8.000	1781.250	-0.037
6400.000	8.000	1781.250	-0.037
6410.000	8.000	1765.625	-0.041
6420.000	8.000	1765.625	-0.041
6430.000	8.000	1765.625	-0.041
6440.000	8.000	1746.094	-0.016
6450.000	8.000	1746.094	-0.016
6460.000	8.000	1746.094	-0.016
6470.000	8.000	1750.000	-0.022
6480.000	8.000	1750.000	-0.022
6490.000	8.000	1750.000	-0.022
6500.000	8.000	1720.703	-0.018
6510.000	8.000	1720.703	-0.018
6520.000	8.000	1720.703	-0.018
6530.000	8.000	1728.516	-0.028
6540.000	8.000	1728.516	-0.028
6550.000	8.000	1728.516	-0.028
6560.000	8.000	1697.266	-0.024
6570.000	8.000	1697.266	-0.024
6580.000	8.000	1697.266	-0.024
6590.000	8.000	1695.312	-0.009
6600.000	8.000	1695.312	-0.009
6610.000	8.000	1695.312	-0.009
6620.000	8.000	1710.937	-0.033
6630.000	8.000	1710.937	-0.033
6640.000	8.000	1710.937	-0.033
6650.000	8.000	1664.062	-0.021
6660.000	8.000	1664.062	-0.021
6670.000	8.000	1664.062	-0.021
6680.000	8.000	1656.250	-0.027
6690.000	8.000	1656.250	-0.027
6700.000	8.000	1656.250	-0.027
6710.000	8.000	1628.906	-0.027
6720.000	8.000	1628.906	-0.027
6730.000	8.000	1628.906	-0.027
6740.000	8.000	1650.391	-0.029
6750.000	8.000	1650.391	-0.029
6760.000	8.000	1650.391	-0.029
6770.000	8.000	1599.609	-0.011
6780.000	8.000	1599.609	-0.011
6790.000	8.000	1599.609	-0.011
6800.000	8.000	1599.609	-0.012
6810.000	8.000	1599.609	-0.012
6820.000	8.000	1599.609	-0.012
6830.000	8.000	1587.891	-0.035
6840.000	8.000	1587.891	-0.035
6850.000	8.000	1587.891	-0.035
6860.000	8.000	1601.562	-0.021
6870.000	8.000	1601.562	-0.021
6880.000	8.000	1601.562	-0.021
6890.000	8.000	1546.875	-0.021
6900.000	8.000	1546.875	-0.021
6910.000	8.000	1546.875	-0.021
6920.000	8.000	1542.969	-0.006
6930.000	8.000	1542.969	-0.006
6940.000	8.000	1542.969	-0.006
6950.000	8.000	1527.344	-0.033
6960.000	8.000	1527.344	-0.033
6970.000	8.000	1527.344	-0.033
6980.000	8.000	1513.672	-0.039
6990.000	8.000	1513.672	-0.039
7000.000	8.000	1513.672	-0.039
7010.000	8.000	1535.156	-0.030
7020.000	8.000	1535.156	-0.030
