%Time [ms]	Commanded Torque [mNm]	Angular Velocity [RPM]	Actual Current [Amp]	%2/17/20261:23 PM
0.000	0.000	0.000	0.000
20.000	4.000	-17.578	-0.010
30.000	4.000	-17.578	-0.010
40.000	4.000	-37.109	-0.030
50.000	4.000	-37.109	-0.030
60.000	4.000	-37.109	-0.030
70.000	4.000	-3.906	-0.014
80.000	4.000	-3.906	-0.014
90.000	4.000	-3.906	-0.014
100.000	4.000	-39.062	-0.031
110.000	4.000	-39.062	-0.031
120.000	4.000	-39.062	-0.031
130.000	4.000	3.906	-0.023
140.000	4.000	3.906	-0.023
150.000	4.000	3.906	-0.023
160.000	4.000	-17.578	-0.027
170.000	4.000	-17.578	-0.027
180.000	4.000	-17.578	-0.027
190.000	4.000	-23.437	-0.025
200.000	4.000	-23.437	-0.025
210.000	4.000	-23.437	-0.025
220.000	4.000	-37.109	-0.037
230.000	4.000	-37.109	-0.037
240.000	4.000	-37.109	-0.037
250.000	4.000	-58.594	-0.031
260.000	4.000	-58.594	-0.031
270.000	4.000	-58.594	-0.031
280.000	4.000	-39.062	-0.028
290.000	4.000	-39.062	-0.028
300.000	4.000	-39.062	-0.028
310.000	4.000	-21.484	-0.027
320.000	4.000	-21.484	-0.027
330.000	4.000	-21.484	-0.027
340.000	4.000	-27.344	-0.027
350.000	4.000	-27.344	-0.027
360.000	4.000	-27.344	-0.027
370.000	4.000	9.766	-0.032
380.000	4.000	9.766	-0.032
390.000	4.000	9.766	-0.032
400.000	4.000	-5.859	-0.020
410.000	4.000	-5.859	-0.020
420.000	4.000	-5.859	-0.020
430.000	4.000	-5.859	-0.011
440.000	4.000	-5.859	-0.011
450.000	4.000	-5.859	-0.011
460.000	4.000	-25.391	-0.008
470.000	4.000	-25.391	-0.008
480.000	4.000	-25.391	-0.008
490.000	4.000	-11.719	-0.028
500.000	4.000	-11.719	-0.028
510.000	4.000	-11.719	-0.028
520.000	4.000	-7.812	-0.016
530.000	4.000	-7.812	-0.016
540.000	4.000	-7.812	-0.016
550.000	4.000	-9.766	-0.023
560.000	4.000	-9.766	-0.023
570.000	4.000	-9.766	-0.023
580.000	4.000	-33.203	-0.008
590.000	4.000	-33.203	-0.008
600.000	4.000	-33.203	-0.008
610.000	4.000	-31.250	-0.033
620.000	4.000	-31.250	-0.033
630.000	4.000	-31.250	-0.033
640.000	4.000	-39.062	-0.007
650.000	4.000	-39.062	-0.007
660.000	4.000	-39.062	-0.007
670.000	4.000	-9.766	-0.024
680.000	4.000	-9.766	-0.024
690.000	4.000	-9.766	-0.024
700.000	4.000	-19.531	-0.011
710.000	4.000	-19.531	-0.011
720.000	4.000	-19.531	-0.011
730.000	4.000	-5.859	-0.019
740.000	4.000	-5.859	-0.019
750.000	4.000	-5.859	-0.019
760.000	4.000	-7.812	-0.004
770.000	4.000	-7.812	-0.004
780.000	4.000	-7.812	-0.004
790.000	4.000	-13.672	-0.009
800.000	4.000	-13.672	-0.009
810.000	4.000	-13.672	-0.009
820.000	4.000	-19.531	-0.020
830.000	4.000	-19.531	-0.020
840.000	4.000	-19.531	-0.020
850.000	4.000	-19.531	-0.041
860.000	4.000	-19.531	-0.041
870.000	4.000	-19.531	-0.041
880.000	4.000	-7.812	-0.029
890.000	4.000	-7.812	-0.029
900.000	4.000	-7.812	-0.029
910.000	4.000	5.859	-0.020
920.000	4.000	5.859	-0.020
930.000	4.000	5.859	-0.020
940.000	4.000	-35.156	-0.038
950.000	4.000	-35.156	-0.038
960.000	4.000	-35.156	-0.038
970.000	4.000	-21.484	-0.003
980.000	4.000	-21.484	-0.003
990.000	4.000	-21.484	-0.003
1000.000	4.000	-37.109	-0.042
1010.000	4.000	-37.109	-0.042
1020.000	4.000	-37.109	-0.042
1030.000	4.000	-17.578	-0.038
1040.000	4.000	-17.578	-0.038
1050.000	4.000	-17.578	-0.038
1060.000	4.000	-9.766	-0.009
1070.000	4.000	-9.766	-0.009
1080.000	4.000	-9.766	-0.009
1090.000	4.000	-17.578	0.005
1100.000	4.000	-17.578	0.005
1110.000	4.000	-17.578	0.005
1120.000	4.000	-41.016	0.088
1130.000	4.000	-41.016	0.088
1140.000	4.000	-41.016	0.088
1150.000	4.000	-37.109	0.074
1160.000	4.000	-37.109	0.074
1170.000	4.000	-37.109	0.074
1180.000	4.000	-9.766	0.092
1190.000	4.000	-9.766	0.092
1200.000	4.000	-9.766	0.092
1210.000	4.000	-46.875	0.084
1220.000	4.000	-46.875	0.084
1230.000	4.000	-46.875	0.084
1240.000	4.000	-11.719	0.103
1250.000	4.000	-11.719	0.103
1260.000	4.000	-11.719	0.103
1270.000	4.000	-23.437	0.093
1280.000	4.000	-23.437	0.093
1290.000	4.000	-23.437	0.093
1300.000	4.000	-9.766	0.096
1310.000	4.000	-9.766	0.096
1320.000	4.000	-9.766	0.096
1330.000	4.000	17.578	0.108
1340.000	4.000	17.578	0.108
1350.000	4.000	17.578	0.108
1360.000	4.000	41.016	0.088
1370.000	4.000	41.016	0.088
1380.000	4.000	41.016	0.088
1390.000	4.000	21.484	0.094
1400.000	4.000	21.484	0.094
1410.000	4.000	21.484	0.094
1420.000	4.000	48.828	0.079
1430.000	4.000	48.828	0.079
1440.000	4.000	48.828	0.079
1450.000	4.000	-11.719	0.088
1460.000	4.000	-11.719	0.088
1470.000	4.000	-11.719	0.088
1480.000	4.000	52.734	0.091
1490.000	4.000	52.734	0.091
1500.000	4.000	52.734	0.091
1510.000	4.000	48.828	0.112
1520.000	4.000	48.828	0.112
1530.000	4.000	48.828	0.112
1540.000	4.000	56.641	0.106
1550.000	4.000	56.641	0.106
1560.000	4.000	56.641	0.106
1570.000	4.000	46.875	0.089
1580.000	4.000	46.875	0.089
1590.000	4.000	46.875	0.089
1600.000	4.000	42.969	0.117
1610.000	4.000	42.969	0.117
1620.000	4.000	42.969	0.117
1630.000	4.000	60.547	0.091
1640.000	4.000	60.547	0.091
1650.000	4.000	60.547	0.091
1660.000	4.000	50.781	0.106
1670.000	4.000	50.781	0.106
1680.000	4.000	50.781	0.106
1690.000	4.000	64.453	0.095
1700.000	4.000	64.453	0.095
1710.000	4.000	64.453	0.095
1720.000	4.000	54.687	0.114
1730.000	4.000	54.687	0.114
1740.000	4.000	54.687	0.114
1750.000	4.000	91.797	0.111
1760.000	4.000	91.797	0.111
1770.000	4.000	91.797	0.111
1780.000	4.000	56.641	0.101
1790.000	4.000	56.641	0.101
1800.000	4.000	56.641	0.101
1810.000	4.000	46.875	0.105
1820.000	4.000	46.875	0.105
1830.000	4.000	46.875	0.105
1840.000	4.000	42.969	0.086
1850.000	4.000	42.969	0.086
1860.000	4.000	42.969	0.086
1870.000	4.000	66.406	0.111
1880.000	4.000	66.406	0.111
1890.000	4.000	66.406	0.111
1900.000	4.000	64.453	0.091
1910.000	4.000	64.453	0.091
1920.000	4.000	64.453	0.091
1930.000	4.000	58.594	0.085
1940.000	4.000	58.594	0.085
1950.000	4.000	58.594	0.085
1960.000	4.000	78.125	0.115
1970.000	4.000	78.125	0.115
1980.000	4.000	78.125	0.115
1990.000	4.000	113.281	0.094
2000.000	4.000	113.281	0.094
2010.000	4.000	113.281	0.094
2020.000	4.000	103.516	0.115
2030.000	4.000	103.516	0.115
2040.000	4.000	103.516	0.115
2050.000	4.000	117.187	0.067
2060.000	4.000	117.187	0.067
2070.000	4.000	117.187	0.067
2080.000	4.000	95.703	0.071
2090.000	4.000	95.703	0.071
2100.000	4.000	95.703	0.071
2110.000	4.000	87.891	0.098
2120.000	4.000	87.891	0.098
2130.000	4.000	87.891	0.098
2140.000	4.000	132.812	0.090
2150.000	4.000	132.812	0.090
2160.000	4.000	132.812	0.090
2170.000	4.000	105.469	0.106
2180.000	4.000	105.469	0.106
2190.000	4.000	105.469	0.106
2200.000	4.000	126.953	0.109
2210.000	4.000	126.953	0.109
2220.000	4.000	126.953	0.109
2230.000	4.000	107.422	0.119
2240.000	4.000	107.422	0.119
2250.000	4.000	107.422	0.119
2260.000	4.000	136.719	0.087
2270.000	4.000	136.719	0.087
2280.000	4.000	136.719	0.087
2290.000	4.000	119.141	0.106
2300.000	4.000	119.141	0.106
2310.000	4.000	119.141	0.106
2320.000	4.000	115.234	0.094
2330.000	4.000	115.234	0.094
2340.000	4.000	115.234	0.094
2350.000	4.000	140.625	0.112
2360.000	4.000	140.625	0.112
2370.000	4.000	140.625	0.112
2380.000	4.000	160.156	0.118
2390.000	4.000	160.156	0.118
2400.000	4.000	160.156	0.118
2410.000	4.000	136.719	0.086
2420.000	4.000	136.719	0.086
2430.000	4.000	136.719	0.086
2440.000	4.000	177.734	0.085
2450.000	4.000	177.734	0.085
2460.000	4.000	177.734	0.085
2470.000	4.000	173.828	0.088
2480.000	4.000	173.828	0.088
2490.000	4.000	173.828	0.088
2500.000	4.000	175.781	0.096
2510.000	4.000	175.781	0.096
2520.000	4.000	175.781	0.096
2530.000	4.000	126.953	0.089
2540.000	4.000	126.953	0.089
2550.000	4.000	126.953	0.089
2560.000	4.000	160.156	0.104
2570.000	4.000	160.156	0.104
2580.000	4.000	160.156	0.104
2590.000	4.000	189.453	0.082
2600.000	4.000	189.453	0.082
2610.000	4.000	189.453	0.082
2620.000	4.000	162.109	0.107
2630.000	4.000	162.109	0.107
2640.000	4.000	162.109	0.107
2650.000	4.000	197.266	0.090
2660.000	4.000	197.266	0.090
2670.000	4.000	197.266	0.090
2680.000	4.000	177.734	0.095
2690.000	4.000	177.734	0.095
2700.000	4.000	177.734	0.095
2710.000	4.000	205.078	0.105
2720.000	4.000	205.078	0.105
2730.000	4.000	205.078	0.105
2740.000	4.000	167.969	0.086
2750.000	4.000	167.969	0.086
2760.000	4.000	167.969	0.086
2770.000	4.000	189.453	0.090
2780.000	4.000	189.453	0.090
2790.000	4.000	189.453	0.090
2800.000	4.000	167.969	0.116
2810.000	4.000	167.969	0.116
2820.000	4.000	167.969	0.116
2830.000	4.000	201.172	0.082
2840.000	4.000	201.172	0.082
2850.000	4.000	201.172	0.082
2860.000	4.000	167.969	0.105
2870.000	4.000	167.969	0.105
2880.000	4.000	167.969	0.105
2890.000	4.000	171.875	0.089
2900.000	4.000	171.875	0.089
2910.000	4.000	171.875	0.089
2920.000	4.000	212.891	0.107
2930.000	4.000	212.891	0.107
2940.000	4.000	212.891	0.107
2950.000	4.000	212.891	0.104
2960.000	4.000	212.891	0.104
2970.000	4.000	212.891	0.104
2980.000	4.000	197.266	0.103
2990.000	4.000	197.266	0.103
3000.000	4.000	197.266	0.103
3010.000	4.000	224.609	0.100
3020.000	4.000	224.609	0.100
3030.000	4.000	224.609	0.100
3040.000	4.000	230.469	0.093
3050.000	4.000	230.469	0.093
3060.000	4.000	230.469	0.093
3070.000	4.000	222.656	0.084
3080.000	4.000	222.656	0.084
3090.000	4.000	222.656	0.084
3100.000	4.000	242.187	0.094
3110.000	4.000	242.187	0.094
3120.000	4.000	242.187	0.094
3130.000	4.000	228.516	0.102
3140.000	4.000	228.516	0.102
3150.000	4.000	228.516	0.102
3160.000	4.000	222.656	0.104
3170.000	4.000	222.656	0.104
3180.000	4.000	222.656	0.104
3190.000	4.000	199.219	0.096
3200.000	4.000	199.219	0.096
3210.000	4.000	199.219	0.096
3220.000	4.000	246.094	0.109
3230.000	4.000	246.094	0.109
3240.000	4.000	246.094	0.109
3250.000	4.000	244.141	0.094
3260.000	4.000	244.141	0.094
3270.000	4.000	244.141	0.094
3280.000	4.000	273.437	0.088
3290.000	4.000	273.437	0.088
3300.000	4.000	273.437	0.088
3310.000	4.000	269.531	0.084
3320.000	4.000	269.531	0.084
3330.000	4.000	269.531	0.084
3340.000	4.000	222.656	0.085
3350.000	4.000	222.656	0.085
3360.000	4.000	222.656	0.085
3370.000	4.000	222.656	0.115
3380.000	4.000	222.656	0.115
3390.000	4.000	222.656	0.115
3400.000	4.000	224.609	0.093
3410.000	4.000	224.609	0.093
3420.000	4.000	224.609	0.093
3430.000	4.000	240.234	0.098
3440.000	4.000	240.234	0.098
3450.000	4.000	240.234	0.098
3460.000	4.000	238.281	0.099
3470.000	4.000	238.281	0.099
3480.000	4.000	238.281	0.099
3490.000	4.000	267.578	0.090
3500.000	4.000	267.578	0.090
3510.000	4.000	267.578	0.090
3520.000	4.000	269.531	0.080
3530.000	4.000	269.531	0.080
3540.000	4.000	269.531	0.080
3550.000	4.000	240.234	0.094
3560.000	4.000	240.234	0.094
3570.000	4.000	240.234	0.094
3580.000	4.000	250.000	0.086
3590.000	4.000	250.000	0.086
3600.000	4.000	250.000	0.086
3610.000	4.000	269.531	0.078
3620.000	4.000	269.531	0.078
3630.000	4.000	269.531	0.078
3640.000	4.000	291.016	0.081
3650.000	4.000	291.016	0.081
3660.000	4.000	291.016	0.081
3670.000	4.000	267.578	0.099
3680.000	4.000	267.578	0.099
3690.000	4.000	267.578	0.099
3700.000	4.000	271.484	0.077
3710.000	4.000	271.484	0.077
3720.000	4.000	271.484	0.077
3730.000	4.000	302.734	0.093
3740.000	4.000	302.734	0.093
3750.000	4.000	302.734	0.093
3760.000	4.000	316.406	0.101
3770.000	4.000	316.406	0.101
3780.000	4.000	316.406	0.101
3790.000	4.000	314.453	0.076
3800.000	4.000	314.453	0.076
3810.000	4.000	314.453	0.076
3820.000	4.000	314.453	0.081
3830.000	4.000	314.453	0.081
3840.000	4.000	314.453	0.081
3850.000	4.000	257.812	0.105
3860.000	4.000	257.812	0.105
3870.000	4.000	257.812	0.105
3880.000	4.000	259.766	0.090
3890.000	4.000	259.766	0.090
3900.000	4.000	259.766	0.090
3910.000	4.000	298.828	0.085
3920.000	4.000	298.828	0.085
3930.000	4.000	298.828	0.085
3940.000	4.000	318.359	0.092
3950.000	4.000	318.359	0.092
3960.000	4.000	318.359	0.092
3970.000	4.000	302.734	0.096
3980.000	4.000	302.734	0.096
3990.000	4.000	302.734	0.096
4000.000	4.000	296.875	0.094
4010.000	4.000	296.875	0.094
4020.000	4.000	296.875	0.094
4030.000	4.000	287.109	0.109
4040.000	4.000	287.109	0.109
4050.000	4.000	287.109	0.109
4060.000	4.000	294.922	0.075
4070.000	4.000	294.922	0.075
4080.000	4.000	294.922	0.075
4090.000	4.000	322.266	0.107
4100.000	4.000	322.266	0.107
4110.000	4.000	322.266	0.107
4120.000	4.000	322.266	0.091
4130.000	4.000	322.266	0.091
4140.000	4.000	322.266	0.091
4150.000	4.000	343.750	0.099
4160.000	4.000	343.750	0.099
4170.000	4.000	343.750	0.099
4180.000	4.000	326.172	0.106
4190.000	4.000	326.172	0.106
4200.000	4.000	326.172	0.106
4210.000	4.000	341.797	0.104
4220.000	4.000	341.797	0.104
4230.000	4.000	341.797	0.104
4240.000	4.000	347.656	0.097
4250.000	4.000	347.656	0.097
4260.000	4.000	347.656	0.097
4270.000	4.000	339.844	0.107
4280.000	4.000	339.844	0.107
4290.000	4.000	339.844	0.107
4300.000	4.000	302.734	0.097
4310.000	4.000	302.734	0.097
4320.000	4.000	302.734	0.097
4330.000	4.000	330.078	0.076
4340.000	4.000	330.078	0.076
4350.000	4.000	330.078	0.076
4360.000	4.000	320.312	0.107
4370.000	4.000	320.312	0.107
4380.000	4.000	320.312	0.107
4390.000	4.000	318.359	0.095
4400.000	4.000	318.359	0.095
4410.000	4.000	318.359	0.095
4420.000	4.000	328.125	0.107
4430.000	4.000	328.125	0.107
4440.000	4.000	328.125	0.107
4450.000	4.000	335.937	0.104
4460.000	4.000	335.937	0.104
4470.000	4.000	335.937	0.104
4480.000	4.000	351.562	0.098
4490.000	4.000	351.562	0.098
4500.000	4.000	351.562	0.098
4510.000	4.000	357.422	0.104
4520.000	4.000	357.422	0.104
4530.000	4.000	357.422	0.104
4540.000	4.000	349.609	0.108
4550.000	4.000	349.609	0.108
4560.000	4.000	349.609	0.108
4570.000	4.000	345.703	0.096
4580.000	4.000	345.703	0.096
4590.000	4.000	345.703	0.096
4600.000	4.000	363.281	0.093
4610.000	4.000	363.281	0.093
4620.000	4.000	363.281	0.093
4630.000	4.000	375.000	0.119
4640.000	4.000	375.000	0.119
4650.000	4.000	375.000	0.119
4660.000	4.000	371.094	0.090
4670.000	4.000	371.094	0.090
4680.000	4.000	371.094	0.090
4690.000	4.000	367.187	0.074
4700.000	4.000	367.187	0.074
4710.000	4.000	367.187	0.074
4720.000	4.000	375.000	0.109
4730.000	4.000	375.000	0.109
4740.000	4.000	375.000	0.109
4750.000	4.000	384.766	0.088
4760.000	4.000	384.766	0.088
4770.000	4.000	384.766	0.088
4780.000	4.000	394.531	0.112
4790.000	4.000	394.531	0.112
4800.000	4.000	394.531	0.112
4810.000	4.000	363.281	0.084
4820.000	4.000	363.281	0.084
4830.000	4.000	363.281	0.084
4840.000	4.000	367.187	0.084
4850.000	4.000	367.187	0.084
4860.000	4.000	367.187	0.084
4870.000	4.000	388.672	0.092
4880.000	4.000	388.672	0.092
4890.000	4.000	388.672	0.092
4900.000	4.000	382.812	0.085
4910.000	4.000	382.812	0.085
4920.000	4.000	382.812	0.085
4930.000	4.000	384.766	0.088
4940.000	4.000	384.766	0.088
4950.000	4.000	384.766	0.088
4960.000	4.000	402.344	0.086
4970.000	4.000	402.344	0.086
4980.000	4.000	402.344	0.086
4990.000	4.000	400.391	0.113
5000.000	4.000	400.391	0.113
5010.000	4.000	400.391	0.113
5020.000	4.000	394.531	0.090
5030.000	4.000	394.531	0.090
5040.000	4.000	394.531	0.090
5050.000	4.000	404.297	0.081
5060.000	4.000	404.297	0.081
5070.000	4.000	404.297	0.081
5080.000	4.000	427.734	0.104
5090.000	4.000	427.734	0.104
5100.000	4.000	427.734	0.104
5110.000	4.000	376.953	0.091
5120.000	4.000	376.953	0.091
5130.000	4.000	376.953	0.091
5140.000	4.000	402.344	0.111
5150.000	4.000	402.344	0.111
5160.000	4.000	402.344	0.111
5170.000	4.000	400.391	0.096
5180.000	4.000	400.391	0.096
5190.000	4.000	400.391	0.096
5200.000	4.000	437.500	0.098
5210.000	4.000	437.500	0.098
5220.000	4.000	437.500	0.098
5230.000	4.000	396.484	0.116
5240.000	4.000	396.484	0.116
5250.000	4.000	396.484	0.116
5260.000	4.000	386.719	0.101
5270.000	4.000	386.719	0.101
5280.000	4.000	386.719	0.101
5290.000	4.000	453.125	0.093
5300.000	4.000	453.125	0.093
5310.000	4.000	453.125	0.093
5320.000	4.000	419.922	0.091
5330.000	4.000	419.922	0.091
5340.000	4.000	419.922	0.091
5350.000	4.000	402.344	0.110
5360.000	4.000	402.344	0.110
5370.000	4.000	402.344	0.110
5380.000	4.000	441.406	0.090
5390.000	4.000	441.406	0.090
5400.000	4.000	441.406	0.090
5410.000	4.000	437.500	0.104
5420.000	4.000	437.500	0.104
5430.000	4.000	437.500	0.104
5440.000	4.000	423.828	0.075
5450.000	4.000	423.828	0.075
5460.000	4.000	423.828	0.075
5470.000	4.000	421.875	0.078
5480.000	4.000	421.875	0.078
5490.000	4.000	421.875	0.078
5500.000	4.000	398.437	0.114
5510.000	4.000	398.437	0.114
5520.000	4.000	398.437	0.114
5530.000	4.000	462.891	0.108
5540.000	4.000	462.891	0.108
5550.000	4.000	462.891	0.108
5560.000	4.000	445.312	0.101
5570.000	4.000	445.312	0.101
5580.000	4.000	445.312	0.101
5590.000	4.000	410.156	0.088
5600.000	4.000	410.156	0.088
5610.000	4.000	410.156	0.088
5620.000	4.000	437.500	0.089
5630.000	4.000	437.500	0.089
5640.000	4.000	437.500	0.089
5650.000	4.000	447.266	0.101
5660.000	4.000	447.266	0.101
5670.000	4.000	447.266	0.101
5680.000	4.000	425.781	0.104
5690.000	4.000	425.781	0.104
5700.000	4.000	425.781	0.104
5710.000	4.000	458.984	0.112
5720.000	4.000	458.984	0.112
5730.000	4.000	458.984	0.112
5740.000	4.000	460.937	0.091
5750.000	4.000	460.937	0.091
5760.000	4.000	460.937	0.091
5770.000	4.000	427.734	0.095
5780.000	4.000	427.734	0.095
5790.000	4.000	427.734	0.095
5800.000	4.000	451.172	0.091
5810.000	4.000	451.172	0.091
5820.000	4.000	451.172	0.091
5830.000	4.000	427.734	0.101
5840.000	4.000	427.734	0.101
5850.000	4.000	427.734	0.101
5860.000	4.000	476.562	0.104
5870.000	4.000	476.562	0.104
5880.000	4.000	476.562	0.104
5890.000	4.000	478.516	0.111
5900.000	4.000	478.516	0.111
5910.000	4.000	478.516	0.111
5920.000	4.000	476.562	0.105
5930.000	4.000	476.562	0.105
5940.000	4.000	476.562	0.105
5950.000	4.000	484.375	0.087
5960.000	4.000	484.375	0.087
5970.000	4.000	484.375	0.087
5980.000	4.000	455.078	0.090
5990.000	4.000	455.078	0.090
6000.000	4.000	455.078	0.090
6010.000	4.000	474.609	0.098
6020.000	4.000	474.609	0.098
6030.000	4.000	474.609	0.098
6040.000	4.000	433.594	0.100
6050.000	4.000	433.594	0.100
6060.000	4.000	433.594	0.100
6070.000	4.000	476.562	0.084
6080.000	4.000	476.562	0.084
6090.000	4.000	476.562	0.084
6100.000	4.000	501.953	0.027
6110.000	4.000	501.953	0.027
6120.000	4.000	501.953	0.027
6130.000	4.000	486.328	-0.018
6140.000	4.000	486.328	-0.018
6150.000	4.000	486.328	-0.018
6160.000	4.000	480.469	-0.009
6170.000	4.000	480.469	-0.009
6180.000	4.000	480.469	-0.009
6190.000	4.000	476.562	-0.018
6200.000	4.000	476.562	-0.018
6210.000	4.000	476.562	-0.018
6220.000	4.000	464.844	-0.030
6230.000	4.000	464.844	-0.030
6240.000	4.000	464.844	-0.030
6250.000	4.000	460.937	-0.010
6260.000	4.000	460.937	-0.010
6270.000	4.000	460.937	-0.010
6280.000	4.000	451.172	-0.029
6290.000	4.000	451.172	-0.029
6300.000	4.000	451.172	-0.029
6310.000	4.000	406.250	-0.012
6320.000	4.000	406.250	-0.012
6330.000	4.000	406.250	-0.012
6340.000	4.000	449.219	-0.017
6350.000	4.000	449.219	-0.017
6360.000	4.000	449.219	-0.017
6370.000	4.000	402.344	-0.047
6380.000	4.000	402.344	-0.047
6390.000	4.000	402.344	-0.047
6400.000	4.000	380.859	-0.004
6410.000	4.000	380.859	-0.004
6420.000	4.000	380.859	-0.004
6430.000	4.000	390.625	-0.007
6440.000	4.000	390.625	-0.007
6450.000	4.000	390.625	-0.007
6460.000	4.000	371.094	-0.012
6470.000	4.000	371.094	-0.012
6480.000	4.000	371.094	-0.012
6490.000	4.000	378.906	-0.023
6500.000	4.000	378.906	-0.023
6510.000	4.000	378.906	-0.023
6520.000	4.000	373.047	-0.014
6530.000	4.000	373.047	-0.014
6540.000	4.000	373.047	-0.014
6550.000	4.000	382.812	-0.021
6560.000	4.000	382.812	-0.021
6570.000	4.000	382.812	-0.021
6580.000	4.000	363.281	-0.021
6590.000	4.000	363.281	-0.021
6600.000	4.000	363.281	-0.021
6610.000	4.000	326.172	-0.022
6620.000	4.000	326.172	-0.022
6630.000	4.000	326.172	-0.022
6640.000	4.000	328.125	-0.021
6650.000	4.000	328.125	-0.021
6660.000	4.000	328.125	-0.021
6670.000	4.000	322.266	-0.012
6680.000	4.000	322.266	-0.012
6690.000	4.000	322.266	-0.012
6700.000	4.000	320.312	-0.004
6710.000	4.000	320.312	-0.004
6720.000	4.000	320.312	-0.004
6730.000	4.000	324.219	-0.025
6740.000	4.000	324.219	-0.025
6750.000	4.000	324.219	-0.025
6760.000	4.000	316.406	-0.026
6770.000	4.000	316.406	-0.026
6780.000	4.000	316.406	-0.026
6790.000	4.000	302.734	-0.008
6800.000	4.000	302.734	-0.008
6810.000	4.000	302.734	-0.008
6820.000	4.000	302.734	-0.014
6830.000	4.000	302.734	-0.014
6840.000	4.000	302.734	-0.014
6850.000	4.000	298.828	-0.024
6860.000	4.000	298.828	-0.024
6870.000	4.000	298.828	-0.024
6880.000	4.000	291.016	-0.031
6890.000	4.000	291.016	-0.031
6900.000	4.000	291.016	-0.031
6910.000	4.000	232.422	-0.027
6920.000	4.000	232.422	-0.027
6930.000	4.000	232.422	-0.027
6940.000	4.000	250.000	-0.044
6950.000	4.000	250.000	-0.044
6960.000	4.000	250.000	-0.044
6970.000	4.000	242.187	-0.023
6980.000	4.000	242.187	-0.023
6990.000	4.000	242.187	-0.023
7000.000	4.000	250.000	-0.031
7010.000	4.000	250.000	-0.031
7020.000	4.000	250.000	-0.031
