%Time [ms]	Commanded Torque [mNm]	Angular Velocity [RPM]	Actual Current [Amp]	%2/17/20261:25 PM
0.000	0.000	0.000	0.000
20.000	15.000	-37.109	-0.002
30.000	15.000	0.000	-0.026
40.000	15.000	0.000	-0.026
50.000	15.000	0.000	-0.026
60.000	15.000	-35.156	-0.012
70.000	15.000	-35.156	-0.012
80.000	15.000	-35.156	-0.012
90.000	15.000	-5.859	-0.021
100.000	15.000	-5.859	-0.021
110.000	15.000	-5.859	-0.021
120.000	15.000	-39.062	-0.031
130.000	15.000	-39.062	-0.031
140.000	15.000	-39.062	-0.031
150.000	15.000	-50.781	-0.026
160.000	15.000	-50.781	-0.026
170.000	15.000	-50.781	-0.026
180.000	15.000	-42.969	-0.016
190.000	15.000	-42.969	-0.016
200.000	15.000	-42.969	-0.016
210.000	15.000	0.000	-0.025
220.000	15.000	0.000	-0.025
230.000	15.000	0.000	-0.025
240.000	15.000	-25.391	-0.008
250.000	15.000	-25.391	-0.008
260.000	15.000	-25.391	-0.008
270.000	15.000	-35.156	-0.011
280.000	15.000	-35.156	-0.011
290.000	15.000	-35.156	-0.011
300.000	15.000	-9.766	-0.023
310.000	15.000	-9.766	-0.023
320.000	15.000	-9.766	-0.023
330.000	15.000	-1.953	-0.018
340.000	15.000	-1.953	-0.018
350.000	15.000	-1.953	-0.018
360.000	15.000	-21.484	-0.023
370.000	15.000	-21.484	-0.023
380.000	15.000	-21.484	-0.023
390.000	15.000	-29.297	-0.011
400.000	15.000	-29.297	-0.011
410.000	15.000	-29.297	-0.011
420.000	15.000	-27.344	-0.017
430.000	15.000	-27.344	-0.017
440.000	15.000	-27.344	-0.017
450.000	15.000	-1.953	-0.015
460.000	15.000	-1.953	-0.015
470.000	15.000	-1.953	-0.015
480.000	15.000	-39.062	-0.012
490.000	15.000	-39.062	-0.012
500.000	15.000	-39.062	-0.012
510.000	15.000	-11.719	-0.011
520.000	15.000	-11.719	-0.011
530.000	15.000	-11.719	-0.011
540.000	15.000	-19.531	-0.024
550.000	15.000	-19.531	-0.024
560.000	15.000	-19.531	-0.024
570.000	15.000	-7.812	-0.044
580.000	15.000	-7.812	-0.044
590.000	15.000	-7.812	-0.044
600.000	15.000	-33.203	-0.035
610.000	15.000	-33.203	-0.035
620.000	15.000	-33.203	-0.035
630.000	15.000	-9.766	-0.033
640.000	15.000	-9.766	-0.033
650.000	15.000	-9.766	-0.033
660.000	15.000	-7.812	-0.011
670.000	15.000	-7.812	-0.011
680.000	15.000	-7.812	-0.011
690.000	15.000	-31.250	-0.046
700.000	15.000	-31.250	-0.046
710.000	15.000	-31.250	-0.046
720.000	15.000	-54.687	-0.028
730.000	15.000	-54.687	-0.028
740.000	15.000	-54.687	-0.028
750.000	15.000	-19.531	-0.014
760.000	15.000	-19.531	-0.014
770.000	15.000	-19.531	-0.014
780.000	15.000	-52.734	-0.031
790.000	15.000	-52.734	-0.031
800.000	15.000	-52.734	-0.031
810.000	15.000	-39.062	-0.010
820.000	15.000	-39.062	-0.010
830.000	15.000	-39.062	-0.010
840.000	15.000	1.953	-0.034
850.000	15.000	1.953	-0.034
860.000	15.000	1.953	-0.034
870.000	15.000	-13.672	-0.041
880.000	15.000	-13.672	-0.041
890.000	15.000	-13.672	-0.041
900.000	15.000	-9.766	-0.013
910.000	15.000	-9.766	-0.013
920.000	15.000	-9.766	-0.013
930.000	15.000	-48.828	-0.020
940.000	15.000	-48.828	-0.020
950.000	15.000	-48.828	-0.020
960.000	15.000	-39.062	0.002
970.000	15.000	-39.062	0.002
980.000	15.000	-39.062	0.002
990.000	15.000	-39.062	-0.027
1000.000	15.000	-39.062	-0.027
1010.000	15.000	-39.062	-0.027
1020.000	15.000	11.719	-0.030
1030.000	15.000	11.719	-0.030
1040.000	15.000	11.719	-0.030
1050.000	15.000	-39.062	-0.039
1060.000	15.000	-39.062	-0.039
1070.000	15.000	-39.062	-0.039
1080.000	15.000	-35.156	-0.015
1090.000	15.000	-35.156	-0.015
1100.000	15.000	-35.156	-0.015
1110.000	15.000	3.906	0.231
1120.000	15.000	3.906	0.231
1130.000	15.000	3.906	0.231
1140.000	15.000	-52.734	0.347
1150.000	15.000	-52.734	0.347
1160.000	15.000	-52.734	0.347
1170.000	15.000	19.531	0.393
1180.000	15.000	19.531	0.393
1190.000	15.000	19.531	0.393
1200.000	15.000	54.687	0.413
1210.000	15.000	54.687	0.413
1220.000	15.000	54.687	0.413
1230.000	15.000	107.422	0.412
1240.000	15.000	107.422	0.412
1250.000	15.000	107.422	0.412
1260.000	15.000	93.750	0.431
1270.000	15.000	93.750	0.431
1280.000	15.000	93.750	0.431
1290.000	15.000	179.687	0.443
1300.000	15.000	179.687	0.443
1310.000	15.000	179.687	0.443
1320.000	15.000	201.172	0.445
1330.000	15.000	201.172	0.445
1340.000	15.000	201.172	0.445
1350.000	15.000	248.047	0.414
1360.000	15.000	248.047	0.414
1370.000	15.000	248.047	0.414
1380.000	15.000	242.187	0.420
1390.000	15.000	242.187	0.420
1400.000	15.000	242.187	0.420
1410.000	15.000	304.687	0.439
1420.000	15.000	304.687	0.439
1430.000	15.000	304.687	0.439
1440.000	15.000	345.703	0.424
1450.000	15.000	345.703	0.424
1460.000	15.000	345.703	0.424
1470.000	15.000	369.141	0.427
1480.000	15.000	369.141	0.427
1490.000	15.000	369.141	0.427
1500.000	15.000	400.391	0.423
1510.000	15.000	400.391	0.423
1520.000	15.000	400.391	0.423
1530.000	15.000	447.266	0.409
1540.000	15.000	447.266	0.409
1550.000	15.000	447.266	0.409
1560.000	15.000	421.875	0.413
1570.000	15.000	421.875	0.413
1580.000	15.000	421.875	0.413
1590.000	15.000	527.344	0.435
1600.000	15.000	527.344	0.435
1610.000	15.000	527.344	0.435
1620.000	15.000	515.625	0.437
1630.000	15.000	515.625	0.437
1640.000	15.000	515.625	0.437
1650.000	15.000	572.266	0.437
1660.000	15.000	572.266	0.437
1670.000	15.000	572.266	0.437
1680.000	15.000	609.375	0.439
1690.000	15.000	609.375	0.439
1700.000	15.000	609.375	0.439
1710.000	15.000	652.344	0.413
1720.000	15.000	652.344	0.413
1730.000	15.000	652.344	0.413
1740.000	15.000	675.781	0.433
1750.000	15.000	675.781	0.433
1760.000	15.000	675.781	0.433
1770.000	15.000	689.453	0.396
1780.000	15.000	689.453	0.396
1790.000	15.000	689.453	0.396
1800.000	15.000	787.109	0.422
1810.000	15.000	787.109	0.422
1820.000	15.000	787.109	0.422
1830.000	15.000	728.516	0.409
1840.000	15.000	728.516	0.409
1850.000	15.000	728.516	0.409
1860.000	15.000	773.437	0.437
1870.000	15.000	773.437	0.437
1880.000	15.000	773.437	0.437
1890.000	15.000	822.266	0.416
1900.000	15.000	822.266	0.416
1910.000	15.000	822.266	0.416
1920.000	15.000	837.891	0.438
1930.000	15.000	837.891	0.438
1940.000	15.000	837.891	0.438
1950.000	15.000	869.141	0.415
1960.000	15.000	869.141	0.415
1970.000	15.000	869.141	0.415
1980.000	15.000	902.344	0.413
1990.000	15.000	902.344	0.413
2000.000	15.000	902.344	0.413
2010.000	15.000	955.078	0.409
2020.000	15.000	955.078	0.409
2030.000	15.000	955.078	0.409
2040.000	15.000	984.375	0.420
2050.000	15.000	984.375	0.420
2060.000	15.000	984.375	0.420
2070.000	15.000	1007.812	0.431
2080.000	15.000	1007.812	0.431
2090.000	15.000	1007.812	0.431
2100.000	15.000	1031.250	0.436
2110.000	15.000	1031.250	0.436
2120.000	15.000	1031.250	0.436
2130.000	15.000	1056.641	0.413
2140.000	15.000	1056.641	0.413
2150.000	15.000	1056.641	0.413
2160.000	15.000	1099.609	0.442
2170.000	15.000	1099.609	0.442
2180.000	15.000	1099.609	0.442
2190.000	15.000	1136.719	0.419
2200.000	15.000	1136.719	0.419
2210.000	15.000	1136.719	0.419
2220.000	15.000	1158.203	0.440
2230.000	15.000	1158.203	0.440
2240.000	15.000	1158.203	0.440
2250.000	15.000	1169.922	0.408
2260.000	15.000	1169.922	0.408
2270.000	15.000	1169.922	0.408
2280.000	15.000	1212.891	0.425
2290.000	15.000	1212.891	0.425
2300.000	15.000	1212.891	0.425
2310.000	15.000	1216.797	0.417
2320.000	15.000	1216.797	0.417
2330.000	15.000	1216.797	0.417
2340.000	15.000	1271.484	0.410
2350.000	15.000	1271.484	0.410
2360.000	15.000	1271.484	0.410
2370.000	15.000	1289.062	0.433
2380.000	15.000	1289.062	0.433
2390.000	15.000	1289.062	0.433
2400.000	15.000	1337.891	0.422
2410.000	15.000	1337.891	0.422
2420.000	15.000	1337.891	0.422
2430.000	15.000	1363.281	0.411
2440.000	15.000	1363.281	0.411
2450.000	15.000	1363.281	0.411
2460.000	15.000	1378.906	0.458
2470.000	15.000	1378.906	0.458
2480.000	15.000	1378.906	0.458
2490.000	15.000	1462.891	0.438
2500.000	15.000	1462.891	0.438
2510.000	15.000	1462.891	0.438
2520.000	15.000	1478.516	0.423
2530.000	15.000	1478.516	0.423
2540.000	15.000	1478.516	0.423
2550.000	15.000	1488.281	0.415
2560.000	15.000	1488.281	0.415
2570.000	15.000	1488.281	0.415
2580.000	15.000	1511.719	0.437
2590.000	15.000	1511.719	0.437
2600.000	15.000	1511.719	0.437
2610.000	15.000	1529.297	0.451
2620.000	15.000	1529.297	0.451
2630.000	15.000	1529.297	0.451
2640.000	15.000	1541.016	0.436
2650.000	15.000	1541.016	0.436
2660.000	15.000	1541.016	0.436
2670.000	15.000	1587.891	0.443
2680.000	15.000	1587.891	0.443
2690.000	15.000	1587.891	0.443
2700.000	15.000	1636.719	0.425
2710.000	15.000	1636.719	0.425
2720.000	15.000	1636.719	0.425
2730.000	15.000	1623.047	0.444
2740.000	15.000	1623.047	0.444
2750.000	15.000	1623.047	0.444
2760.000	15.000	1691.406	0.437
2770.000	15.000	1691.406	0.437
2780.000	15.000	1691.406	0.437
2790.000	15.000	1708.984	0.413
2800.000	15.000	1708.984	0.413
2810.000	15.000	1708.984	0.413
2820.000	15.000	1722.656	0.441
2830.000	15.000	1722.656	0.441
2840.000	15.000	1722.656	0.441
2850.000	15.000	1794.922	0.445
2860.000	15.000	1794.922	0.445
2870.000	15.000	1794.922	0.445
2880.000	15.000	1781.250	0.430
2890.000	15.000	1781.250	0.430
2900.000	15.000	1781.250	0.430
2910.000	15.000	1822.266	0.403
2920.000	15.000	1822.266	0.403
2930.000	15.000	1822.266	0.403
2940.000	15.000	1847.656	0.415
2950.000	15.000	1847.656	0.415
2960.000	15.000	1847.656	0.415
2970.000	15.000	1896.484	0.442
2980.000	15.000	1896.484	0.442
2990.000	15.000	1896.484	0.442
3000.000	15.000	1929.687	0.408
3010.000	15.000	1929.687	0.408
3020.000	15.000	1929.687	0.408
3030.000	15.000	1935.547	0.436
3040.000	15.000	1935.547	0.436
3050.000	15.000	1935.547	0.436
3060.000	15.000	1982.422	0.429
3070.000	15.000	1982.422	0.429
3080.000	15.000	1982.422	0.429
3090.000	15.000	1949.219	0.434
3100.000	15.000	1949.219	0.434
3110.000	15.000	1949.219	0.434
3120.000	15.000	2027.344	0.414
3130.000	15.000	2027.344	0.414
3140.000	15.000	2027.344	0.414
3150.000	15.000	2046.875	0.444
3160.000	15.000	2046.875	0.444
3170.000	15.000	2046.875	0.444
3180.000	15.000	2087.891	0.420
3190.000	15.000	2087.891	0.420
3200.000	15.000	2087.891	0.420
3210.000	15.000	2126.953	0.406
3220.000	15.000	2126.953	0.406
3230.000	15.000	2126.953	0.406
3240.000	15.000	2123.047	0.399
3250.000	15.000	2123.047	0.399
3260.000	15.000	2123.047	0.399
3270.000	15.000	2195.312	0.430
3280.000	15.000	2195.312	0.430
3290.000	15.000	2195.312	0.430
3300.000	15.000	2177.734	0.443
3310.000	15.000	2177.734	0.443
3320.000	15.000	2177.734	0.443
3330.000	15.000	2205.078	0.422
3340.000	15.000	2205.078	0.422
3350.000	15.000	2205.078	0.422
3360.000	15.000	2226.562	0.431
3370.000	15.000	2226.562	0.431
3380.000	15.000	2226.562	0.431
3390.000	15.000	2267.578	0.432
3400.000	15.000	2267.578	0.432
3410.000	15.000	2267.578	0.432
3420.000	15.000	2294.922	0.426
3430.000	15.000	2294.922	0.426
3440.000	15.000	2294.922	0.426
3450.000	15.000	2318.359	0.436
3460.000	15.000	2318.359	0.436
3470.000	15.000	2318.359	0.436
3480.000	15.000	2345.703	0.436
3490.000	15.000	2345.703	0.436
3500.000	15.000	2345.703	0.436
3510.000	15.000	2349.609	0.414
3520.000	15.000	2349.609	0.414
3530.000	15.000	2349.609	0.414
3540.000	15.000	2398.437	0.443
3550.000	15.000	2398.437	0.443
3560.000	15.000	2398.437	0.443
3570.000	15.000	2464.844	0.436
3580.000	15.000	2464.844	0.436
3590.000	15.000	2464.844	0.436
3600.000	15.000	2486.328	0.425
3610.000	15.000	2486.328	0.425
3620.000	15.000	2486.328	0.425
3630.000	15.000	2494.141	0.429
3640.000	15.000	2494.141	0.429
3650.000	15.000	2494.141	0.429
3660.000	15.000	2505.859	0.411
3670.000	15.000	2505.859	0.411
3680.000	15.000	2505.859	0.411
3690.000	15.000	2503.906	0.434
3700.000	15.000	2503.906	0.434
3710.000	15.000	2503.906	0.434
3720.000	15.000	2568.359	0.421
3730.000	15.000	2568.359	0.421
3740.000	15.000	2568.359	0.421
3750.000	15.000	2611.328	0.420
3760.000	15.000	2611.328	0.420
3770.000	15.000	2611.328	0.420
3780.000	15.000	2632.812	0.440
3790.000	15.000	2632.812	0.440
3800.000	15.000	2632.812	0.440
3810.000	15.000	2623.047	0.429
3820.000	15.000	2623.047	0.429
3830.000	15.000	2623.047	0.429
3840.000	15.000	2664.062	0.427
3850.000	15.000	2664.062	0.427
3860.000	15.000	2664.062	0.427
3870.000	15.000	2707.031	0.416
3880.000	15.000	2707.031	0.416
3890.000	15.000	2707.031	0.416
3900.000	15.000	2734.375	0.430
3910.000	15.000	2734.375	0.430
3920.000	15.000	2734.375	0.430
3930.000	15.000	2750.000	0.449
3940.000	15.000	2750.000	0.449
3950.000	15.000	2750.000	0.449
3960.000	15.000	2798.828	0.421
3970.000	15.000	2798.828	0.421
3980.000	15.000	2798.828	0.421
3990.000	15.000	2796.875	0.431
4000.000	15.000	2796.875	0.431
4010.000	15.000	2796.875	0.431
4020.000	15.000	2839.844	0.433
4030.000	15.000	2839.844	0.433
4040.000	15.000	2839.844	0.433
4050.000	15.000	2882.812	0.429
4060.000	15.000	2882.812	0.429
4070.000	15.000	2882.812	0.429
4080.000	15.000	2882.812	0.428
4090.000	15.000	2882.812	0.428
4100.000	15.000	2882.812	0.428
4110.000	15.000	2906.250	0.412
4120.000	15.000	2906.250	0.412
4130.000	15.000	2906.250	0.412
4140.000	15.000	2968.750	0.428
4150.000	15.000	2968.750	0.428
4160.000	15.000	2968.750	0.428
4170.000	15.000	2955.078	0.393
4180.000	15.000	2955.078	0.393
4190.000	15.000	2955.078	0.393
4200.000	15.000	2974.609	0.437
4210.000	15.000	2974.609	0.437
4220.000	15.000	2974.609	0.437
4230.000	15.000	3013.672	0.428
4240.000	15.000	3013.672	0.428
4250.000	15.000	3013.672	0.428
4260.000	15.000	3027.344	0.430
4270.000	15.000	3027.344	0.430
4280.000	15.000	3027.344	0.430
4290.000	15.000	3056.641	0.437
4300.000	15.000	3056.641	0.437
4310.000	15.000	3056.641	0.437
4320.000	15.000	3078.125	0.437
4330.000	15.000	3078.125	0.437
4340.000	15.000	3078.125	0.437
4350.000	15.000	3128.906	0.451
4360.000	15.000	3128.906	0.451
4370.000	15.000	3128.906	0.451
4380.000	15.000	3142.578	0.423
4390.000	15.000	3142.578	0.423
4400.000	15.000	3142.578	0.423
4410.000	15.000	3156.250	0.421
4420.000	15.000	3156.250	0.421
4430.000	15.000	3156.250	0.421
4440.000	15.000	3179.687	0.436
4450.000	15.000	3179.687	0.436
4460.000	15.000	3179.687	0.436
4470.000	15.000	3185.547	0.427
4480.000	15.000	3185.547	0.427
4490.000	15.000	3185.547	0.427
4500.000	15.000	3226.562	0.434
4510.000	15.000	3226.562	0.434
4520.000	15.000	3226.562	0.434
4530.000	15.000	3261.719	0.427
4540.000	15.000	3261.719	0.427
4550.000	15.000	3261.719	0.427
4560.000	15.000	3308.594	0.389
4570.000	15.000	3308.594	0.389
4580.000	15.000	3308.594	0.389
4590.000	15.000	3316.406	0.446
4600.000	15.000	3316.406	0.446
4610.000	15.000	3316.406	0.446
4620.000	15.000	3320.312	0.418
4630.000	15.000	3320.312	0.418
4640.000	15.000	3320.312	0.418
4650.000	15.000	3361.328	0.428
4660.000	15.000	3361.328	0.428
4670.000	15.000	3361.328	0.428
4680.000	15.000	3363.281	0.433
4690.000	15.000	3363.281	0.433
4700.000	15.000	3363.281	0.433
4710.000	15.000	3410.156	0.435
4720.000	15.000	3410.156	0.435
4730.000	15.000	3410.156	0.435
4740.000	15.000	3435.547	0.404
4750.000	15.000	3435.547	0.404
4760.000	15.000	3435.547	0.404
4770.000	15.000	3445.312	0.438
4780.000	15.000	3445.312	0.438
4790.000	15.000	3445.312	0.438
4800.000	15.000	3470.703	0.383
4810.000	15.000	3470.703	0.383
4820.000	15.000	3470.703	0.383
4830.000	15.000	3501.953	0.430
4840.000	15.000	3501.953	0.430
4850.000	15.000	3501.953	0.430
4860.000	15.000	3525.391	0.402
4870.000	15.000	3525.391	0.402
4880.000	15.000	3525.391	0.402
4890.000	15.000	3501.953	0.435
4900.000	15.000	3501.953	0.435
4910.000	15.000	3501.953	0.435
4920.000	15.000	3542.969	0.401
4930.000	15.000	3542.969	0.401
4940.000	15.000	3542.969	0.401
4950.000	15.000	3662.109	0.429
4960.000	15.000	3662.109	0.429
4970.000	15.000	3662.109	0.429
4980.000	15.000	3597.656	0.442
4990.000	15.000	3597.656	0.442
5000.000	15.000	3597.656	0.442
5010.000	15.000	3640.625	0.423
5020.000	15.000	3640.625	0.423
5030.000	15.000	3640.625	0.423
5040.000	15.000	3679.687	0.405
5050.000	15.000	3679.687	0.405
5060.000	15.000	3679.687	0.405
5070.000	15.000	3720.703	0.412
5080.000	15.000	3720.703	0.412
5090.000	15.000	3720.703	0.412
5100.000	15.000	3728.516	0.416
5110.000	15.000	3728.516	0.416
5120.000	15.000	3728.516	0.416
5130.000	15.000	3716.797	0.425
5140.000	15.000	3716.797	0.425
5150.000	15.000	3716.797	0.425
5160.000	15.000	3785.156	0.420
5170.000	15.000	3785.156	0.420
5180.000	15.000	3785.156	0.420
5190.000	15.000	3816.406	0.404
5200.000	15.000	3816.406	0.404
5210.000	15.000	3816.406	0.404
5220.000	15.000	3779.297	0.437
5230.000	15.000	3779.297	0.437
5240.000	15.000	3779.297	0.437
5250.000	15.000	3863.281	0.446
5260.000	15.000	3863.281	0.446
5270.000	15.000	3863.281	0.446
5280.000	15.000	3837.891	0.387
5290.000	15.000	3837.891	0.387
5300.000	15.000	3837.891	0.387
5310.000	15.000	3857.422	0.436
5320.000	15.000	3857.422	0.436
5330.000	15.000	3857.422	0.436
5340.000	15.000	3916.016	0.410
5350.000	15.000	3916.016	0.410
5360.000	15.000	3916.016	0.410
5370.000	15.000	3910.156	0.418
5380.000	15.000	3910.156	0.418
5390.000	15.000	3910.156	0.418
5400.000	15.000	3921.875	0.402
5410.000	15.000	3921.875	0.402
5420.000	15.000	3921.875	0.402
5430.000	15.000	3941.406	0.417
5440.000	15.000	3941.406	0.417
5450.000	15.000	3941.406	0.417
5460.000	15.000	3988.281	0.396
5470.000	15.000	3988.281	0.396
5480.000	15.000	3988.281	0.396
5490.000	15.000	3998.047	0.418
5500.000	15.000	3998.047	0.418
5510.000	15.000	3998.047	0.418
5520.000	15.000	3998.047	0.434
5530.000	15.000	3998.047	0.434
5540.000	15.000	3998.047	0.434
5550.000	15.000	3998.047	0.423
5560.000	15.000	3998.047	0.423
5570.000	15.000	3998.047	0.423
5580.000	15.000	3998.047	0.399
5590.000	15.000	3998.047	0.399
5600.000	15.000	3998.047	0.399
5610.000	15.000	3998.047	0.312
5620.000	15.000	3998.047	0.312
5630.000	15.000	3998.047	0.312
5640.000	15.000	3998.047	0.143
5650.000	15.000	3998.047	0.143
5660.000	15.000	3998.047	0.143
5670.000	15.000	3998.047	0.031
5680.000	15.000	3998.047	0.031
5690.000	15.000	3998.047	0.031
5700.000	15.000	3998.047	-0.104
5710.000	15.000	3998.047	-0.104
5720.000	15.000	3998.047	-0.104
5730.000	15.000	3998.047	-0.160
5740.000	15.000	3998.047	-0.160
5750.000	15.000	3998.047	-0.160
5760.000	15.000	3998.047	-0.183
5770.000	15.000	3998.047	-0.183
5780.000	15.000	3998.047	-0.183
5790.000	15.000	3998.047	-0.167
5800.000	15.000	3998.047	-0.167
5810.000	15.000	3998.047	-0.167
5820.000	15.000	3955.078	-0.106
5830.000	15.000	3955.078	-0.106
5840.000	15.000	3955.078	-0.106
5850.000	15.000	3925.781	-0.001
5860.000	15.000	3925.781	-0.001
5870.000	15.000	3925.781	-0.001
5880.000	15.000	3953.125	0.052
5890.000	15.000	3953.125	0.052
5900.000	15.000	3953.125	0.052
5910.000	15.000	3933.594	0.195
5920.000	15.000	3933.594	0.195
5930.000	15.000	3933.594	0.195
5940.000	15.000	3951.172	0.304
5950.000	15.000	3951.172	0.304
5960.000	15.000	3951.172	0.304
5970.000	15.000	3960.937	0.363
5980.000	15.000	3960.937	0.363
5990.000	15.000	3960.937	0.363
6000.000	15.000	3972.656	0.393
6010.000	15.000	3972.656	0.393
6020.000	15.000	3972.656	0.393
6030.000	15.000	3998.047	0.371
6040.000	15.000	3998.047	0.371
6050.000	15.000	3998.047	0.371
6060.000	15.000	3998.047	0.352
6070.000	15.000	3998.047	0.352
6080.000	15.000	3998.047	0.352
6090.000	15.000	3998.047	0.303
6100.000	15.000	3998.047	0.303
6110.000	15.000	3998.047	0.303
6120.000	15.000	3998.047	0.101
6130.000	15.000	3998.047	0.101
6140.000	15.000	3998.047	0.101
6150.000	15.000	3998.047	0.011
6160.000	15.000	3998.047	0.011
6170.000	15.000	3998.047	0.011
6180.000	15.000	3998.047	0.001
6190.000	15.000	3998.047	0.001
6200.000	15.000	3998.047	0.001
6210.000	15.000	3992.187	-0.005
6220.000	15.000	3992.187	-0.005
6230.000	15.000	3992.187	-0.005
6240.000	15.000	3996.094	-0.022
6250.000	15.000	3996.094	-0.022
6260.000	15.000	3996.094	-0.022
6270.000	15.000	3947.266	-0.034
6280.000	15.000	3947.266	-0.034
6290.000	15.000	3947.266	-0.034
6300.000	15.000	3917.969	-0.029
6310.000	15.000	3917.969	-0.029
6320.000	15.000	3917.969	-0.029
6330.000	15.000	3937.500	-0.032
6340.000	15.000	3937.500	-0.032
6350.000	15.000	3937.500	-0.032
6360.000	15.000	3935.547	-0.029
6370.000	15.000	3935.547	-0.029
6380.000	15.000	3935.547	-0.029
6390.000	15.000	3904.297	-0.023
6400.000	15.000	3904.297	-0.023
6410.000	15.000	3904.297	-0.023
6420.000	15.000	3900.391	-0.021
6430.000	15.000	3900.391	-0.021
6440.000	15.000	3900.391	-0.021
6450.000	15.000	3882.812	-0.038
6460.000	15.000	3882.812	-0.038
6470.000	15.000	3882.812	-0.038
6480.000	15.000	3875.000	-0.046
6490.000	15.000	3875.000	-0.046
6500.000	15.000	3875.000	-0.046
6510.000	15.000	3832.031	-0.038
6520.000	15.000	3832.031	-0.038
6530.000	15.000	3832.031	-0.038
6540.000	15.000	3845.703	-0.040
6550.000	15.000	3845.703	-0.040
6560.000	15.000	3845.703	-0.040
6570.000	15.000	3814.453	-0.019
6580.000	15.000	3814.453	-0.019
6590.000	15.000	3814.453	-0.019
6600.000	15.000	3818.359	-0.049
6610.000	15.000	3818.359	-0.049
6620.000	15.000	3818.359	-0.049
6630.000	15.000	3767.578	-0.031
6640.000	15.000	3767.578	-0.031
6650.000	15.000	3767.578	-0.031
6660.000	15.000	3785.156	-0.037
6670.000	15.000	3785.156	-0.037
6680.000	15.000	3785.156	-0.037
6690.000	15.000	3736.328	-0.016
6700.000	15.000	3736.328	-0.016
6710.000	15.000	3736.328	-0.016
6720.000	15.000	3728.516	-0.020
6730.000	15.000	3728.516	-0.020
6740.000	15.000	3728.516	-0.020
6750.000	15.000	3707.031	-0.031
6760.000	15.000	3707.031	-0.031
6770.000	15.000	3707.031	-0.031
6780.000	15.000	3679.687	-0.026
6790.000	15.000	3679.687	-0.026
6800.000	15.000	3679.687	-0.026
6810.000	15.000	3697.266	-0.020
6820.000	15.000	3697.266	-0.020
6830.000	15.000	3697.266	-0.020
6840.000	15.000	3642.578	-0.015
6850.000	15.000	3642.578	-0.015
6860.000	15.000	3642.578	-0.015
6870.000	15.000	3640.625	-0.012
6880.000	15.000	3640.625	-0.012
6890.000	15.000	3640.625	-0.012
6900.000	15.000	3599.609	-0.027
6910.000	15.000	3599.609	-0.027
6920.000	15.000	3599.609	-0.027
6930.000	15.000	3611.328	-0.019
6940.000	15.000	3611.328	-0.019
6950.000	15.000	3611.328	-0.019
6960.000	15.000	3595.703	-0.021
6970.000	15.000	3595.703	-0.021
6980.000	15.000	3595.703	-0.021
6990.000	15.000	3572.266	-0.038
7000.000	15.000	3572.266	-0.038
7010.000	15.000	3572.266	-0.038
7020.000	15.000	3570.312	-0.015
