% Time (s)	Gyro Output (rads/s)	Input Rate (RPM)	%2/17/20261:18 PM
0.000	0.000	0.000
2958.180	0.000	0.000
2958.190	0.000	0.000
2958.200	0.000	0.000
2958.210	0.000	0.000
2958.220	0.000	0.000
2958.230	0.000	0.000
2958.240	0.000	0.000
2958.250	0.000	0.000
2958.260	0.000	0.000
2958.270	0.000	0.081
2958.280	-0.040	0.215
2958.290	-0.040	0.288
2958.300	-0.040	0.434
2958.310	-0.130	0.654
2958.320	-0.130	0.874
2958.330	-0.130	1.167
2958.340	-0.240	1.753
2958.350	-0.240	2.265
2958.360	-0.240	2.705
2958.370	-0.360	3.063
2958.380	-0.360	3.589
2958.390	-0.360	4.175
2958.400	-0.510	4.541
2958.410	-0.510	4.907
2958.420	-0.510	5.745
2958.430	-0.670	6.318
2958.440	-0.670	6.758
2958.450	-0.670	7.270
2958.460	-0.840	7.710
2958.470	-0.840	8.662
2958.480	-0.840	9.305
2958.490	-1.040	9.844
2958.500	-1.040	10.503
2958.510	-1.040	11.529
2958.520	-1.280	12.155
2958.530	-1.280	12.681
2958.540	-1.280	13.414
2958.550	-1.390	14.146
2958.560	-1.390	14.952
2958.570	-1.390	15.464
2958.580	-1.590	16.067
2958.590	-1.590	16.992
2958.600	-1.590	18.311
2958.610	-1.770	18.311
2958.620	-1.770	18.823
2958.630	-1.770	20.475
2958.640	-1.940	20.475
2958.650	-1.940	20.782
2958.660	-1.940	22.377
2958.670	-2.080	22.377
2958.680	-2.080	22.670
2958.690	-2.080	23.817
2958.700	-2.210	23.817
2958.710	-2.210	24.017
2958.720	-2.210	24.603
2958.730	-2.290	24.603
2958.740	-2.290	24.802
2958.750	-2.290	25.668
2958.760	-2.360	25.391
2958.770	-2.360	25.758
2958.780	-2.360	26.197
2958.790	-2.390	26.002
2958.800	-2.390	26.295
2958.810	-2.390	26.461
2958.820	-2.400	26.860
2958.830	-2.400	26.420
2958.840	-2.400	26.733
2958.850	-2.390	26.514
2958.860	-2.390	26.367
2958.870	-2.390	26.074
2958.880	-2.320	26.001
2958.890	-2.320	26.001
2958.900	-2.320	25.488
2958.910	-2.230	25.415
2958.920	-2.230	24.683
2958.930	-2.230	24.756
2958.940	-2.100	24.097
2958.950	-2.100	23.657
2958.960	-2.100	23.437
2958.970	-1.970	23.145
2958.980	-1.970	22.412
2958.990	-1.970	21.460
2959.000	-1.780	21.167
2959.010	-1.780	20.435
2959.020	-1.780	19.775
2959.030	-1.560	18.896
2959.040	-1.560	18.237
2959.050	-1.560	16.992
2959.060	-1.360	16.333
2959.070	-1.360	15.381
2959.080	-1.360	14.648
2959.090	-1.100	13.916
2959.100	-1.100	13.037
2959.110	-1.100	12.012
2959.120	-0.830	11.133
2959.130	-0.830	10.254
2959.140	-0.830	8.569
2959.150	-0.580	8.569
2959.160	-0.580	7.397
2959.170	-0.580	5.436
2959.180	-0.350	5.436
2959.190	-0.350	4.697
2959.200	-0.350	2.939
2959.210	-0.110	2.939
2959.220	-0.110	2.044
2959.230	-0.110	1.165
2959.240	0.110	0.526
2959.250	0.110	0.013
2959.260	0.110	-0.646
2959.270	0.300	-1.378
2959.280	0.300	-2.200
2959.290	0.300	-2.918
2959.300	0.500	-3.524
2959.310	0.500	-4.403
2959.320	0.500	-5.046
2959.330	0.630	-5.412
2959.340	0.630	-6.091
2959.350	0.630	-6.823
2959.360	0.750	-7.336
2959.370	0.750	-7.922
2959.380	0.750	-7.922
2959.390	0.820	-8.077
2959.400	0.820	-8.569
2959.410	0.820	-8.667
2959.420	0.850	-8.993
2959.430	0.850	-9.140
2959.440	0.850	-9.140
2959.450	0.870	-9.286
2959.460	0.870	-9.286
2959.470	0.870	-9.359
2959.480	0.850	-9.359
2959.490	0.850	-9.286
2959.500	0.850	-9.213
2959.510	0.790	-8.969
2959.520	0.790	-8.643
2959.530	0.790	-8.789
2959.540	0.700	-8.423
2959.550	0.700	-7.837
2959.560	0.700	-7.690
2959.570	0.580	-7.104
2959.580	0.580	-6.812
2959.590	0.580	-6.445
2959.600	0.430	-5.859
2959.610	0.430	-5.493
2959.620	0.430	-4.980
2959.630	0.260	-4.321
2959.640	0.260	-3.882
2959.650	0.260	-3.369
2959.660	0.090	-2.637
2959.670	0.090	-1.978
2959.680	0.090	-0.659
2959.690	-0.080	-0.659
2959.700	-0.080	0.073
2959.710	-0.080	1.579
2959.720	-0.270	1.579
2959.730	-0.270	2.265
2959.740	-0.270	3.152
2959.750	-0.450	3.684
2959.760	-0.450	4.270
2959.770	-0.450	5.076
2959.780	-0.640	5.882
2959.790	-0.640	7.176
2959.800	-0.640	7.501
2959.810	-0.840	7.501
2959.820	-0.840	8.307
2959.830	-0.840	9.143
2959.840	-0.990	9.661
2959.850	-0.990	10.153
2959.860	-0.990	11.252
2959.870	-1.170	11.838
2959.880	-1.170	11.984
2959.890	-1.170	12.888
2959.900	-1.320	13.198
2959.910	-1.320	14.004
2959.920	-1.320	14.590
2959.930	-1.460	14.972
2959.940	-1.460	15.032
2959.950	-1.460	16.204
2959.960	-1.560	16.317
2959.970	-1.560	16.610
2959.980	-1.560	17.270
2959.990	-1.640	17.245
2960.000	-1.640	17.765
2960.010	-1.640	18.277
2960.020	-1.710	18.350
2960.030	-1.710	18.497
2960.040	-1.710	18.643
2960.050	-1.720	18.643
2960.060	-1.720	18.823
2960.070	-1.720	19.100
2960.080	-1.720	19.100
2960.090	-1.720	18.880
2960.100	-1.720	18.807
2960.110	-1.680	18.734
2960.120	-1.680	18.441
2960.130	-1.680	18.368
2960.140	-1.600	18.368
2960.150	-1.600	18.001
2960.160	-1.600	17.635
2960.170	-1.490	17.139
2960.180	-1.490	16.919
2960.190	-1.490	16.772
2960.200	-1.370	16.113
2960.210	-1.370	15.161
2960.220	-1.370	15.015
2960.230	-1.170	14.355
2960.240	-1.170	13.770
2960.250	-1.170	12.817
2960.260	-0.930	12.378
2960.270	-0.930	11.646
2960.280	-0.930	10.693
2960.290	-0.810	10.107
2960.300	-0.810	9.302
2960.310	-0.810	8.643
2960.320	-0.560	7.397
2960.330	-0.560	6.592
2960.340	-0.560	5.713
2960.350	-0.300	5.127
2960.360	-0.300	3.955
2960.370	-0.300	3.149
2960.380	-0.070	2.417
2960.390	-0.070	1.465
2960.400	-0.070	0.659
2960.410	0.160	0.000
2960.420	0.160	-0.513
2960.430	0.160	-1.318
2960.440	0.400	-2.344
2960.450	0.400	-3.076
2960.460	0.400	-3.809
2960.470	0.620	-4.980
2960.480	0.620	-5.566
2960.490	0.620	-6.372
2960.500	0.820	-7.178
2960.510	0.820	-8.057
2960.520	0.820	-8.936
2960.530	0.970	-9.448
2960.540	0.970	-9.888
2960.550	0.970	-10.767
2960.560	1.120	-11.279
2960.570	1.120	-11.499
2960.580	1.120	-12.231
2960.590	1.240	-12.817
2960.600	1.240	-13.110
2960.610	1.240	-13.330
2960.620	1.330	-13.989
2960.630	1.330	-14.429
2960.640	1.330	-14.722
2960.650	1.400	-14.941
2960.660	1.400	-15.088
2960.670	1.400	-15.161
2960.680	1.430	-15.601
2960.690	1.430	-15.454
2960.700	1.430	-15.601
2960.710	1.420	-15.894
2960.720	1.420	-15.454
2960.730	1.420	-15.454
2960.740	1.400	-15.601
2960.750	1.400	-15.161
2960.760	1.400	-15.308
2960.770	1.320	-15.454
2960.780	1.320	-14.648
2960.790	1.320	-14.575
2960.800	1.230	-14.282
2960.810	1.230	-13.916
2960.820	1.230	-13.477
2960.830	1.100	-13.330
2960.840	1.100	-12.524
2960.850	1.100	-12.451
2960.860	0.940	-11.646
2960.870	0.940	-10.693
2960.880	0.940	-10.474
2960.890	0.760	-9.741
2960.900	0.760	-9.009
2960.910	0.760	-7.983
2960.920	0.560	-7.031
2960.930	0.560	-7.031
2960.940	0.560	-5.420
2960.950	0.370	-4.834
2960.960	0.370	-4.834
2960.970	0.370	-3.532
2960.980	0.180	-3.532
2960.990	0.180	-2.873
2961.000	0.180	-1.473
2961.010	-0.020	-1.473
2961.020	-0.020	-0.754
2961.030	-0.020	0.597
2961.040	-0.210	0.597
2961.050	-0.210	1.276
2961.060	-0.210	2.074
2961.070	-0.400	2.822
2961.080	-0.400	3.335
2961.090	-0.400	4.214
2961.100	-0.570	4.792
2961.110	-0.570	5.231
2961.120	-0.570	6.050
2961.130	-0.720	6.657
2961.140	-0.720	7.170
2961.150	-0.720	7.736
2961.160	-0.860	7.963
2961.170	-0.860	8.696
2961.180	-0.860	9.404
2961.190	-0.970	9.723
2961.200	-0.970	10.041
2961.210	-0.970	10.787
2961.220	-1.070	11.006
2961.230	-1.070	11.466
2961.240	-1.070	11.685
2961.250	-1.140	12.052
2961.260	-1.140	12.491
2961.270	-1.140	12.393
2961.280	-1.170	12.504
2961.290	-1.170	12.551
2961.300	-1.170	13.039
2961.310	-1.200	12.660
2961.320	-1.200	13.026
2961.330	-1.200	12.880
2961.340	-1.160	13.026
2961.350	-1.160	12.513
2961.360	-1.160	12.587
2961.370	-1.110	12.538
2961.380	-1.110	12.378
2961.390	-1.110	12.158
2961.400	-1.070	11.938
2961.410	-1.070	11.938
2961.420	-1.070	11.621
2961.430	-0.930	10.975
2961.440	-0.930	10.536
2961.450	-0.930	10.536
2961.460	-0.760	9.803
2961.470	-0.760	9.364
2961.480	-0.760	9.006
2961.490	-0.610	8.380
2961.500	-0.610	7.428
2961.510	-0.610	5.727
2961.520	-0.390	5.727
2961.530	-0.390	5.327
2961.540	-0.390	4.603
2961.550	-0.160	3.724
2961.560	-0.160	2.998
2961.570	-0.160	2.046
2961.580	0.020	1.013
2961.590	0.020	0.394
2961.600	0.020	-0.306
2961.610	0.270	-1.031
2961.620	0.270	-1.910
2961.630	0.270	-2.842
2961.640	0.510	-3.656
2961.650	0.510	-4.828
2961.660	0.510	-5.494
2961.670	0.730	-6.080
2961.680	0.730	-7.105
2961.690	0.730	-8.106
2961.700	0.950	-8.964
2961.710	0.950	-9.737
2961.720	0.950	-10.469
2961.730	1.140	-11.348
2961.740	1.140	-11.714
2961.750	1.140	-12.325
2961.760	1.310	-13.257
2961.770	1.310	-13.770
2961.780	1.310	-14.355
2961.790	1.450	-15.039
2961.800	1.450	-15.166
2961.810	1.450	-16.028
2961.820	1.580	-16.361
2961.830	1.580	-16.654
2961.840	1.580	-17.606
2961.850	1.670	-17.509
2961.860	1.670	-17.822
2961.870	1.670	-18.700
2961.880	1.740	-18.867
2961.890	1.740	-19.013
2961.900	1.740	-19.453
2961.910	1.790	-19.542
2961.920	1.790	-19.502
2961.930	1.790	-19.722
2961.940	1.810	-19.649
2961.950	1.810	-19.942
2961.960	1.810	-20.088
2961.970	1.790	-19.722
2961.980	1.790	-19.629
2961.990	1.790	-19.336
2962.000	1.730	-19.409
2962.010	1.730	-19.263
2962.020	1.730	-19.189
2962.030	1.670	-18.896
2962.040	1.670	-18.604
2962.050	1.670	-18.384
2962.060	1.560	-17.798
2962.070	1.560	-17.505
2962.080	1.560	-17.212
2962.090	1.410	-16.919
2962.100	1.410	-16.406
2962.110	1.410	-15.527
2962.120	1.250	-15.088
2962.130	1.250	-14.502
2962.140	1.250	-13.957
2962.150	1.060	-13.138
2962.160	1.060	-12.698
2962.170	1.060	-11.966
2962.180	0.860	-11.307
2962.190	0.860	-10.501
2962.200	0.860	-9.549
2962.210	0.650	-8.816
2962.220	0.650	-8.084
2962.230	0.650	-7.327
2962.240	0.440	-6.521
2962.250	0.440	-5.802
2962.260	0.440	-4.850
2962.270	0.210	-4.117
2962.280	0.210	-3.165
2962.290	0.210	-2.424
2962.300	-0.010	-1.852
2962.310	-0.010	-1.266
2962.320	-0.010	-0.387
2962.330	-0.210	0.614
2962.340	-0.210	1.313
2962.350	-0.210	1.826
2962.360	-0.380	2.412
2962.370	-0.380	3.071
2962.380	-0.380	4.454
2962.390	-0.560	4.454
2962.400	-0.560	5.127
2962.410	-0.560	5.859
2962.420	-0.680	6.226
2962.430	-0.680	6.592
2962.440	-0.680	7.324
2962.450	-0.810	7.837
2962.460	-0.810	8.496
2962.470	-0.810	8.643
2962.480	-0.880	9.082
2962.490	-0.880	9.448
2962.500	-0.880	9.814
2962.510	-0.960	9.888
2962.520	-0.960	10.254
2962.530	-0.960	10.620
2962.540	-1.000	10.620
2962.550	-1.000	10.767
2962.560	-1.000	10.547
2962.570	-0.990	11.133
2962.580	-0.990	10.913
2962.590	-0.990	11.133
2962.600	-0.980	10.767
2962.610	-0.980	10.913
2962.620	-0.980	10.767
2962.630	-0.920	10.474
2962.640	-0.920	10.254
2962.650	-0.920	9.814
2962.660	-0.820	9.888
2962.670	-0.820	9.448
2962.680	-0.820	9.009
2962.690	-0.690	8.496
2962.700	-0.690	8.350
2962.710	-0.690	7.617
2962.720	-0.540	6.958
2962.730	-0.540	6.299
2962.740	-0.540	5.640
2962.750	-0.330	5.273
2962.760	-0.330	4.541
2962.770	-0.330	3.735
2962.780	-0.150	3.149
2962.790	-0.150	2.271
2962.800	-0.150	1.392
2962.810	0.100	0.659
2962.820	0.100	0.073
2962.830	0.100	-0.513
2962.840	0.310	-1.172
2962.850	0.310	-2.124
2962.860	0.310	-3.003
2962.870	0.530	-3.809
2962.880	0.530	-4.907
2962.890	0.530	-5.656
2962.900	0.720	-6.169
2962.910	0.720	-6.974
2962.920	0.720	-7.902
2962.930	0.930	-8.941
2962.940	0.930	-9.600
2962.950	0.930	-10.332
2962.960	1.140	-11.358
2962.970	1.140	-11.797
2962.980	1.140	-12.489
2962.990	1.320	-13.325
2963.000	1.320	-13.984
2963.010	1.320	-14.717
2963.020	1.490	-15.400
2963.030	1.490	-15.680
2963.040	1.490	-16.616
2963.050	1.620	-16.949
2963.060	1.620	-17.315
2963.070	1.620	-18.194
2963.080	1.740	-18.381
2963.090	1.740	-18.774
2963.100	1.740	-20.019
2963.110	1.840	-20.019
2963.120	1.840	-19.713
2963.130	1.840	-20.624
2963.140	1.910	-20.624
2963.150	1.910	-20.890
2963.160	1.910	-21.281
2963.170	1.930	-21.281
2963.180	1.930	-21.434
2963.190	1.930	-21.743
2963.200	1.940	-21.743
2963.210	1.940	-21.071
2963.220	1.940	-21.448
2963.230	1.890	-21.448
2963.240	1.890	-21.359
2963.250	1.890	-20.955
2963.260	1.840	-20.955
2963.270	1.840	-20.835
2963.280	1.840	-19.933
2963.290	1.740	-19.933
2963.300	1.740	-19.420
2963.310	1.740	-19.507
2963.320	1.610	-18.823
2963.330	1.610	-18.557
2963.340	1.610	-18.044
2963.350	1.470	-17.532
2963.360	1.470	-16.726
2963.370	1.470	-16.341
2963.380	1.300	-15.649
2963.390	1.300	-15.282
2963.400	1.300	-14.404
2963.410	1.110	-13.964
2963.420	1.110	-13.085
2963.430	1.110	-12.646
2963.440	0.900	-11.694
2963.450	0.900	-10.522
2963.460	0.900	-9.936
2963.470	0.670	-9.049
2963.480	0.670	-8.496
2963.490	0.670	-7.324
2963.500	0.450	-6.738
2963.510	0.450	-5.786
2963.520	0.450	-5.054
2963.530	0.240	-4.102
2963.540	0.240	-3.369
2963.550	0.240	-2.783
2963.560	0.030	-2.124
2963.570	0.030	-1.318
2963.580	0.030	-0.480
2963.590	-0.170	0.079
2963.600	-0.170	0.812
2963.610	-0.170	1.617
2963.620	-0.370	2.350
2963.630	-0.370	2.862
2963.640	-0.370	3.424
2963.650	-0.520	4.083
2963.660	-0.520	4.815
2963.670	-0.520	5.401
2963.680	-0.700	6.101
2963.690	-0.700	6.641
2963.700	-0.700	6.934
2963.710	-0.780	7.666
2963.720	-0.780	7.959
2963.730	-0.780	8.545
2963.740	-0.890	8.936
2963.750	-0.890	9.009
2963.760	-0.890	9.448
2963.770	-0.920	9.741
2963.780	-0.920	9.961
2963.790	-0.920	10.034
2963.800	-0.970	10.620
2963.810	-0.970	10.327
2963.820	-0.970	10.620
2963.830	-0.960	10.400
2963.840	-0.960	10.474
2963.850	-0.960	10.677
2963.860	-0.950	10.677
2963.870	-0.950	10.650
2963.880	-0.950	10.561
2963.890	-0.890	10.561
2963.900	-0.890	9.975
2963.910	-0.890	9.536
2963.920	-0.790	9.536
2963.930	-0.790	9.243
2963.940	-0.790	8.087
2963.950	-0.670	8.087
2963.960	-0.670	7.721
2963.970	-0.670	6.868
2963.980	-0.510	6.868
2963.990	-0.510	5.933
2964.000	-0.510	4.986
2964.010	-0.320	4.986
2964.020	-0.320	4.254
2964.030	-0.320	3.815
2964.040	-0.130	3.302
2964.050	-0.130	2.496
2964.060	-0.130	0.706
2964.070	0.100	0.706
2964.080	0.100	0.007
2964.090	0.100	-0.799
2964.100	0.320	-1.784
2964.110	0.320	-2.782
2964.120	0.320	-3.442
2964.130	0.550	-4.101
2964.140	0.550	-4.980
2964.150	0.550	-5.639
2964.160	0.750	-6.339
2964.170	0.750	-7.218
2964.180	0.750	-7.837
2964.190	0.950	-8.862
2964.200	0.950	-9.448
2964.210	0.950	-9.961
2964.220	1.100	-10.767
2964.230	1.100	-11.499
2964.240	1.100	-12.305
2964.250	1.280	-12.891
2964.260	1.280	-13.550
2964.270	1.280	-14.136
2964.280	1.420	-14.795
2964.290	1.420	-14.941
2964.300	1.420	-15.527
2964.310	1.560	-16.260
2964.320	1.560	-16.992
2964.330	1.560	-17.212
2964.340	1.680	-17.578
2964.350	1.680	-18.018
2964.360	1.680	-18.457
2964.370	1.750	-18.823
2964.380	1.750	-19.043
2964.390	1.750	-19.629
2964.400	1.800	-19.629
2964.410	1.800	-19.849
2964.420	1.800	-19.629
2964.430	1.830	-20.215
2964.440	1.830	-20.288
2964.450	1.830	-20.361
2964.460	1.820	-20.508
2964.470	1.820	-19.995
2964.480	1.820	-20.142
2964.490	1.780	-19.922
2964.500	1.780	-20.068
2964.510	1.780	-19.849
2964.520	1.710	-19.702
2964.530	1.710	-19.263
2964.540	1.710	-18.896
2964.550	1.600	-18.750
2964.560	1.600	-18.164
2964.570	1.600	-17.871
2964.580	1.460	-17.505
2964.590	1.460	-16.846
2964.600	1.460	-16.333
2964.610	1.290	-15.674
2964.620	1.290	-15.234
2964.630	1.290	-14.941
2964.640	1.110	-14.062
2964.650	1.110	-13.037
2964.660	1.110	-12.378
2964.670	0.940	-11.865
2964.680	0.940	-11.133
2964.690	0.940	-10.547
2964.700	0.710	-9.595
2964.710	0.710	-8.643
2964.720	0.710	-7.837
2964.730	0.490	-6.958
2964.740	0.490	-6.372
2964.750	0.490	-5.713
2964.760	0.270	-4.834
2964.770	0.270	-4.028
2964.780	0.270	-3.149
2964.790	0.050	-2.271
2964.800	0.050	-1.538
2964.810	0.050	-0.879
2964.820	-0.170	0.073
2964.830	-0.170	1.025
2964.840	-0.170	1.685
2964.850	-0.370	2.271
2964.860	-0.370	3.149
2964.870	-0.370	4.028
2964.880	-0.560	4.761
2964.890	-0.560	5.493
2964.900	-0.560	6.006
2964.910	-0.720	6.372
2964.920	-0.720	6.958
2964.930	-0.720	7.544
2964.940	-0.840	8.350
2964.950	-0.840	8.862
2964.960	-0.840	9.082
2964.970	-0.970	9.595
2964.980	-0.970	9.961
2964.990	-0.970	10.254
2965.000	-1.040	10.474
2965.010	-1.040	11.279
2965.020	-1.040	11.426
2965.030	-1.100	11.646
2965.040	-1.100	11.719
2965.050	-1.100	12.012
2965.060	-1.110	12.451
2965.070	-1.110	11.938
2965.080	-1.110	12.158
2965.090	-1.110	12.231
2965.100	-1.110	12.598
2965.110	-1.110	12.085
2965.120	-1.070	12.158
2965.130	-1.070	11.938
2965.140	-1.070	11.865
2965.150	-1.000	11.426
2965.160	-1.000	10.840
2965.170	-1.000	11.133
2965.180	-0.900	10.693
2965.190	-0.900	10.400
2965.200	-0.900	9.741
2965.210	-0.750	9.375
2965.220	-0.750	8.643
2965.230	-0.750	8.496
2965.240	-0.610	7.837
2965.250	-0.610	7.397
2965.260	-0.610	6.885
2965.270	-0.410	6.006
2965.280	-0.410	5.347
2965.290	-0.410	4.639
2965.300	-0.200	3.979
2965.310	-0.200	3.394
2965.320	-0.200	2.734
2965.330	0.000	1.562
2965.340	0.000	0.757
2965.350	0.000	0.065
2965.360	0.230	-0.561
2965.370	0.230	-1.440
2965.380	0.230	-2.465
2965.390	0.450	-3.295
2965.400	0.450	-3.881
2965.410	0.450	-4.776
2965.420	0.660	-5.702
2965.430	0.660	-6.361
2965.440	0.660	-7.240
2965.450	0.850	-7.647
2965.460	0.850	-8.559
2965.470	0.850	-9.194
2965.480	1.030	-9.786
2965.490	1.030	-10.299
2965.500	1.030	-11.251
2965.510	1.190	-11.967
2965.520	1.190	-12.140
2965.530	1.190	-12.979
2965.540	1.300	-13.338
2965.550	1.300	-14.071
2965.560	1.300	-14.583
2965.570	1.430	-15.340
2965.580	1.430	-15.187
2965.590	1.430	-16.123
2965.600	1.550	-16.449
2965.610	1.550	-16.522
2965.620	1.550	-17.255
2965.630	1.610	-17.076
2965.640	1.610	-17.375
2965.650	1.610	-17.961
2965.660	1.640	-18.035
2965.670	1.640	-17.961
2965.680	1.640	-18.328
2965.690	1.640	-18.124
2965.700	1.640	-18.311
2965.710	1.640	-18.164
2965.720	1.610	-18.091
2965.730	1.610	-18.311
2965.740	1.610	-18.091
2965.750	1.570	-17.725
2965.760	1.570	-17.505
2965.770	1.570	-17.285
2965.780	1.470	-17.212
2965.790	1.470	-16.772
2965.800	1.470	-16.268
2965.810	1.330	-15.928
2965.820	1.330	-15.562
2965.830	1.330	-14.756
2965.840	1.170	-14.463
2965.850	1.170	-13.878
2965.860	1.170	-12.624
2965.870	1.000	-12.624
2965.880	1.000	-11.885
2965.890	1.000	-10.590
2965.900	0.820	-10.590
2965.910	0.820	-10.270
2965.920	0.820	-8.879
2965.930	0.610	-8.879
2965.940	0.610	-7.827
2965.950	0.610	-5.890
2965.960	0.340	-5.890
2965.970	0.340	-5.364
2965.980	0.340	-3.751
2965.990	0.170	-3.751
2966.000	0.170	-3.012
2966.010	0.170	-0.961
2966.020	-0.050	-0.961
2966.030	-0.050	-0.302
2966.040	-0.050	0.948
2966.050	-0.270	0.948
2966.060	-0.270	1.827
2966.070	-0.270	3.604
2966.080	-0.480	3.604
2966.090	-0.480	4.337
2966.100	-0.480	5.553
2966.110	-0.660	5.553
2966.120	-0.660	6.212
2966.130	-0.660	7.905
2966.140	-0.830	7.905
2966.150	-0.830	8.704
2966.160	-0.830	9.458
2966.170	-0.970	9.458
2966.180	-0.970	10.044
2966.190	-0.970	10.719
2966.200	-1.100	10.719
2966.210	-1.100	11.585
2966.220	-1.100	12.342
2966.230	-1.200	12.342
2966.240	-1.200	12.734
2966.250	-1.200	13.370
2966.260	-1.270	13.370
2966.270	-1.270	13.503
2966.280	-1.270	14.252
2966.290	-1.310	14.252
2966.300	-1.310	14.511
2966.310	-1.310	14.740
2966.320	-1.330	14.496
2966.330	-1.330	14.496
2966.340	-1.330	14.649
2966.350	-1.290	14.634
2966.360	-1.290	14.535
2966.370	-1.290	14.608
2966.380	-1.250	14.299
2966.390	-1.250	13.932
2966.400	-1.250	13.592
2966.410	-1.160	13.363
2966.420	-1.160	13.070
2966.430	-1.160	12.996
2966.440	-1.060	12.191
2966.450	-1.060	11.904
2966.460	-1.060	11.701
2966.470	-0.900	11.095
2966.480	-0.900	10.436
2966.490	-0.900	9.703
2966.500	-0.730	9.231
2966.510	-0.730	8.566
2966.520	-0.730	7.963
2966.530	-0.520	7.338
2966.540	-0.520	6.752
2966.550	-0.520	5.751
2966.560	-0.310	4.989
2966.570	-0.310	4.203
2966.580	-0.310	3.544
2966.590	-0.090	3.031
2966.600	-0.090	2.299
2966.610	-0.090	1.241
2966.620	0.130	0.405
2966.630	0.130	-0.434
2966.640	0.130	-1.313
2966.650	0.370	-2.363
2966.660	0.370	-2.936
2966.670	0.370	-3.652
2966.680	0.580	-4.451
2966.690	0.580	-5.256
2966.700	0.580	-7.006
2966.710	0.760	-7.006
2966.720	0.760	-7.472
2966.730	0.760	-8.829
2966.740	0.940	-8.829
2966.750	0.940	-9.488
2966.760	0.940	-10.823
2966.770	1.090	-10.823
2966.780	1.090	-11.342
2966.790	1.090	-12.001
2966.800	1.220	-12.563
2966.810	1.220	-12.709
2966.820	1.220	-13.662
2966.830	1.330	-13.743
2966.840	1.330	-14.209
2966.850	1.330	-14.502
2966.860	1.420	-15.234
2966.870	1.420	-15.527
2966.880	1.420	-15.747
2966.890	1.480	-15.967
2966.900	1.480	-16.187
2966.910	1.480	-16.260
2966.920	1.520	-16.479
2966.930	1.520	-16.846
2966.940	1.520	-16.699
2966.950	1.510	-16.626
2966.960	1.510	-16.772
2966.970	1.510	-16.553
2966.980	1.470	-16.699
2966.990	1.470	-16.626
2967.000	1.470	-16.113
2967.010	1.410	-16.187
2967.020	1.410	-15.967
2967.030	1.410	-15.234
2967.040	1.300	-15.454
2967.050	1.300	-15.234
2967.060	1.300	-14.502
2967.070	1.170	-14.062
2967.080	1.170	-12.817
2967.090	1.170	-12.817
2967.100	1.000	-12.744
2967.110	1.000	-11.865
2967.120	1.000	-11.060
2967.130	0.810	-10.693
2967.140	0.810	-9.814
2967.150	0.810	-9.009
2967.160	0.590	-8.569
2967.170	0.590	-7.910
2967.180	0.590	-7.056
2967.190	0.370	-6.163
2967.200	0.370	-5.154
2967.210	0.370	-3.616
2967.220	0.130	-3.616
2967.230	0.130	-2.884
2967.240	0.130	-1.183
2967.250	-0.100	-1.183
2967.260	-0.100	-0.324
2967.270	-0.100	1.531
2967.280	-0.280	1.531
2967.290	-0.280	2.251
2967.300	-0.280	2.999
2967.310	-0.500	3.976
2967.320	-0.500	4.642
2967.330	-0.500	5.374
2967.340	-0.690	6.343
2967.350	-0.690	7.002
2967.360	-0.690	7.975
2967.370	-0.870	8.341
2967.380	-0.870	8.634
2967.390	-0.870	9.594
2967.400	-1.040	10.406
2967.410	-1.040	10.455
2967.420	-1.040	11.401
2967.430	-1.190	12.060
2967.440	-1.190	12.246
2967.450	-1.190	12.832
2967.460	-1.300	13.198
2967.470	-1.300	14.004
2967.480	-1.300	14.769
2967.490	-1.400	14.688
2967.500	-1.400	14.754
2967.510	-1.400	15.487
2967.520	-1.450	15.560
2967.530	-1.450	15.706
2967.540	-1.450	16.423
2967.550	-1.490	16.489
2967.560	-1.490	16.269
2967.570	-1.490	16.416
2967.580	-1.480	16.457
2967.590	-1.480	16.237
2967.600	-1.480	16.806
2967.610	-1.460	16.580
2967.620	-1.460	16.067
2967.630	-1.460	16.287
2967.640	-1.400	15.864
2967.650	-1.400	15.504
2967.660	-1.400	15.871
2967.670	-1.280	15.285
2967.680	-1.280	14.626
2967.690	-1.280	14.520
2967.700	-1.160	13.817
2967.710	-1.160	13.384
2967.720	-1.160	13.238
2967.730	-1.010	12.212
2967.740	-1.010	11.773
2967.750	-1.010	11.407
2967.760	-0.820	9.942
2967.770	-0.820	9.942
2967.780	-0.820	8.436
2967.790	-0.630	8.436
2967.800	-0.630	7.471
2967.810	-0.630	5.965
2967.820	-0.420	5.965
2967.830	-0.420	5.499
2967.840	-0.420	3.766
2967.850	-0.200	3.766
2967.860	-0.200	3.033
2967.870	-0.200	1.235
2967.880	0.030	1.235
2967.890	0.030	0.602
2967.900	0.030	-0.708
2967.910	0.250	-0.708
2967.920	0.250	-1.334
2967.930	0.250	-2.170
2967.940	0.440	-3.146
2967.950	0.440	-3.806
2967.960	0.440	-4.465
2967.970	0.620	-5.417
2967.980	0.620	-5.669
2967.990	0.620	-6.379
2968.000	0.780	-7.119
2968.010	0.780	-7.925
2968.020	0.780	-8.764
2968.030	0.940	-9.073
2968.040	0.940	-10.229
2968.050	0.940	-10.229
2968.060	1.070	-10.828
2968.070	1.070	-10.901
2968.080	1.070	-11.634
2968.090	1.150	-12.342
2968.100	1.150	-12.302
2968.110	1.150	-12.668
2968.120	1.240	-12.961
2968.130	1.240	-13.474
2968.140	1.240	-13.767
2968.150	1.290	-13.929
2968.160	1.290	-14.062
2968.170	1.290	-14.136
2968.180	1.290	-14.209
2968.190	1.290	-14.209
2968.200	1.290	-14.282
2968.210	1.290	-14.355
2968.220	1.290	-14.502
2968.230	1.290	-14.209
2968.240	1.230	-13.989
2968.250	1.230	-13.696
2968.260	1.230	-13.696
2968.270	1.150	-13.477
2968.280	1.150	-13.330
2968.290	1.150	-12.671
2968.300	1.050	-12.891
2968.310	1.050	-12.085
2968.320	1.050	-11.279
2968.330	0.910	-11.206
2968.340	0.910	-10.620
2968.350	0.910	-10.400
2968.360	0.740	-9.668
2968.370	0.740	-9.009
2968.380	0.740	-8.203
2968.390	0.560	-7.690
2968.400	0.560	-6.812
2968.410	0.560	-6.372
2968.420	0.350	-5.786
2968.430	0.350	-4.834
2968.440	0.350	-4.175
2968.450	0.110	-3.223
2968.460	0.110	-2.417
2968.470	0.110	-1.831
2968.480	-0.100	-1.025
2968.490	-0.100	-0.073
2968.500	-0.100	0.879
2968.510	-0.320	1.685
2968.520	-0.320	2.271
2968.530	-0.320	3.003
2968.540	-0.530	4.102
2968.550	-0.530	4.761
2968.560	-0.530	5.640
2968.570	-0.730	6.299
2968.580	-0.730	6.738
2968.590	-0.730	7.617
2968.600	-0.890	8.203
2968.610	-0.890	9.082
2968.620	-0.890	9.741
2968.630	-1.060	10.693
2968.640	-1.060	10.986
2968.650	-1.060	11.572
2968.660	-1.210	12.158
2968.670	-1.210	12.744
2968.680	-1.210	13.623
2968.690	-1.350	14.062
2968.700	-1.350	14.502
2968.710	-1.350	14.648
2968.720	-1.470	15.454
2968.730	-1.470	15.674
2968.740	-1.470	15.820
2968.750	-1.550	16.626
2968.760	-1.550	16.846
2968.770	-1.550	17.065
2968.780	-1.610	17.432
2968.790	-1.610	17.358
2968.800	-1.610	17.871
2968.810	-1.640	18.237
2968.820	-1.640	17.871
2968.830	-1.640	17.944
2968.840	-1.630	18.311
2968.850	-1.630	18.164
2968.860	-1.630	18.237
2968.870	-1.600	17.871
2968.880	-1.600	17.725
2968.890	-1.600	17.871
2968.900	-1.510	17.212
2968.910	-1.510	16.992
2968.920	-1.510	17.139
2968.930	-1.410	16.333
2968.940	-1.410	16.113
2968.950	-1.410	15.674
2968.960	-1.250	15.015
2968.970	-1.250	14.868
2968.980	-1.250	14.282
2968.990	-1.090	13.550
2969.000	-1.090	12.012
2969.010	-1.090	12.012
2969.020	-0.890	11.499
2969.030	-0.890	11.133
2969.040	-0.890	10.254
2969.050	-0.720	9.521
2969.060	-0.720	8.862
2969.070	-0.720	8.097
2969.080	-0.510	7.119
2969.090	-0.510	6.240
2969.100	-0.510	5.580
2969.110	-0.290	5.068
2969.120	-0.290	4.042
2969.130	-0.290	3.310
2969.140	-0.060	2.444
2969.150	-0.060	1.492
2969.160	-0.060	0.760
2969.170	0.160	0.060
2969.180	0.160	-0.499
2969.190	0.160	-1.207
2969.200	0.350	-2.093
2969.210	0.350	-2.825
2969.220	0.350	-3.558
2969.230	0.530	-4.510
2969.240	0.530	-5.109
2969.250	0.530	-5.541
2969.260	0.690	-6.120
2969.270	0.690	-6.779
2969.280	0.690	-7.438
2969.290	0.820	-8.262
2969.300	0.820	-8.921
2969.310	0.820	-9.360
2969.320	0.930	-9.360
2969.330	0.930	-9.800
2969.340	0.930	-10.525
2969.350	1.020	-10.525
2969.360	1.020	-10.824
2969.370	1.020	-11.524
2969.380	1.080	-11.524
2969.390	1.080	-11.617
2969.400	1.080	-12.358
2969.410	1.130	-12.358
2969.420	1.130	-12.125
2969.430	1.130	-12.420
2969.440	1.130	-12.420
2969.450	1.130	-12.533
2969.460	1.130	-12.533
2969.470	1.100	-12.387
2969.480	1.100	-12.566
2969.490	1.100	-11.887
2969.500	1.050	-11.887
2969.510	1.050	-11.512
2969.520	1.050	-11.305
2969.530	0.960	-11.305
2969.540	0.960	-10.839
2969.550	0.960	-10.400
2969.560	0.820	-10.253
2969.570	0.820	-9.594
2969.580	0.820	-9.081
2969.590	0.660	-8.788
2969.600	0.660	-8.422
2969.610	0.660	-7.576
2969.620	0.490	-6.784
2969.630	0.490	-6.012
2969.640	0.490	-5.572
2969.650	0.300	-4.986
2969.660	0.300	-4.107
2969.670	0.300	-3.530
2969.680	0.100	-2.657
2969.690	0.100	-1.705
2969.700	0.100	-1.046
2969.710	-0.120	-0.428
2969.720	-0.120	0.132
2969.730	-0.120	0.718
2969.740	-0.330	1.377
2969.750	-0.330	2.256
2969.760	-0.330	3.208
2969.770	-0.530	3.948
2969.780	-0.530	4.834
2969.790	-0.530	6.104
2969.800	-0.720	6.104
2969.810	-0.720	7.009
2969.820	-0.720	8.808
2969.830	-0.920	8.808
2969.840	-0.920	9.240
2969.850	-0.920	10.648
2969.860	-1.100	10.648
2969.870	-1.100	11.387
2969.880	-1.100	12.063
2969.890	-1.280	12.551
2969.900	-1.280	13.283
2969.910	-1.280	13.623
2969.920	-1.400	14.168
2969.930	-1.400	14.681
2969.940	-1.400	15.998
2969.950	-1.520	16.035
2969.960	-1.520	16.108
2969.970	-1.520	16.761
2969.980	-1.610	17.037
2969.990	-1.610	17.477
2970.000	-1.610	17.989
2970.010	-1.670	17.989
2970.020	-1.670	18.356
2970.030	-1.670	18.575
2970.040	-1.710	18.510
2970.050	-1.710	18.750
2970.060	-1.710	18.896
2970.070	-1.720	18.970
2970.080	-1.720	18.896
2970.090	-1.720	19.189
2970.100	-1.690	19.010
2970.110	-1.690	18.790
2970.120	-1.690	18.790
2970.130	-1.650	18.643
2970.140	-1.650	18.277
2970.150	-1.650	18.245
2970.160	-1.540	18.171
2970.170	-1.540	17.586
2970.180	-1.540	17.293
2970.190	-1.450	16.633
2970.200	-1.450	16.227
2970.210	-1.450	16.455
2970.220	-1.270	15.669
2970.230	-1.270	14.717
2970.240	-1.270	14.278
2970.250	-1.110	13.431
2970.260	-1.110	13.065
2970.270	-1.110	12.406
2970.280	-0.870	11.600
2970.290	-0.870	10.941
2970.300	-0.870	10.282
2970.310	-0.670	9.248
2970.320	-0.670	8.057
2970.330	-0.670	8.057
2970.340	-0.420	7.178
2970.350	-0.420	6.372
2970.360	-0.420	5.347
2970.370	-0.240	4.541
2970.380	-0.240	3.809
2970.390	-0.240	2.930
2970.400	-0.020	2.051
2970.410	-0.020	1.318
2970.420	-0.020	0.439
2970.430	0.220	-0.513
2970.440	0.220	-1.318
2970.450	0.220	-1.978
2970.460	0.400	-2.710
2970.470	0.400	-3.662
2970.480	0.400	-4.313
2970.490	0.570	-4.912
2970.500	0.570	-5.791
2970.510	0.570	-6.377
2970.520	0.720	-6.963
2970.530	0.720	-7.476
2970.540	0.720	-7.850
2970.550	0.860	-8.476
2970.560	0.860	-8.769
2970.570	0.860	-9.355
2970.580	0.980	-9.656
2970.590	0.980	-10.375
2970.600	0.980	-10.448
2970.610	1.070	-11.181
2970.620	1.070	-11.034
2970.630	1.070	-11.401
2970.640	1.120	-11.832
2970.650	1.120	-12.231
2970.660	1.120	-12.419
2970.670	1.150	-12.352
2970.680	1.150	-12.791
2970.690	1.150	-12.499
2970.700	1.130	-12.572
2970.710	1.130	-12.206
2970.720	1.130	-12.718
2970.730	1.090	-12.425
2970.740	1.090	-12.279
2970.750	1.090	-12.230
2970.760	1.010	-11.631
2970.770	1.010	-11.631
2970.780	1.010	-11.026
2970.790	0.930	-10.660
2970.800	0.930	-10.546
2970.810	0.930	-9.954
2970.820	0.810	-9.954
2970.830	0.810	-9.441
2970.840	0.810	-8.554
2970.850	0.660	-8.554
2970.860	0.660	-7.703
2970.870	0.660	-6.863
2970.880	0.480	-6.863
2970.890	0.480	-6.197
2970.900	0.480	-5.717
2970.910	0.280	-4.879
2970.920	0.280	-4.147
2970.930	0.280	-2.836
2970.940	0.060	-2.836
2970.950	0.060	-1.838
2970.960	0.060	-0.939
2970.970	-0.170	-0.166
2970.980	-0.170	0.567
2970.990	-0.170	2.527
2971.000	-0.380	2.527
2971.010	-0.380	3.333
2971.020	-0.380	3.969
2971.030	-0.580	4.835
2971.040	-0.580	5.714
2971.050	-0.580	6.326
2971.060	-0.780	7.059
2971.070	-0.780	7.425
2971.080	-0.780	8.377
2971.090	-0.980	9.052
2971.100	-0.980	9.712
2971.110	-0.980	10.224
2971.120	-1.140	11.339
2971.130	-1.140	11.938
2971.140	-1.140	12.085
2971.150	-1.300	12.891
2971.160	-1.300	13.477
2971.170	-1.300	14.372
2971.180	-1.460	14.851
2971.190	-1.460	15.291
2971.200	-1.460	15.364
2971.210	-1.540	16.243
2971.220	-1.540	16.389
2971.230	-1.540	17.122
2971.240	-1.640	17.748
2971.250	-1.640	17.528
2971.260	-1.640	17.894
2971.270	-1.690	18.244
2971.280	-1.690	18.570
2971.290	-1.690	18.790
2971.300	-1.740	18.936
2971.310	-1.740	18.936
2971.320	-1.740	19.010
2971.330	-1.720	18.863
2971.340	-1.720	19.043
2971.350	-1.720	18.970
2971.360	-1.700	18.970
2971.370	-1.700	18.823
2971.380	-1.700	18.604
2971.390	-1.630	18.604
2971.400	-1.630	18.237
2971.410	-1.630	18.091
2971.420	-1.550	17.944
2971.430	-1.550	17.212
2971.440	-1.550	17.179
2971.450	-1.400	17.106
2971.460	-1.400	16.081
2971.470	-1.400	15.715
2971.480	-1.260	15.055
2971.490	-1.260	14.469
2971.500	-1.260	14.201
2971.510	-1.050	13.568
2971.520	-1.050	12.616
2971.530	-1.050	12.250
2971.540	-0.870	11.111
2971.550	-0.870	10.158
2971.560	-0.870	9.776
2971.570	-0.650	8.910
2971.580	-0.650	8.178
2971.590	-0.650	7.226
2971.600	-0.400	6.542
2971.610	-0.400	5.490
2971.620	-0.400	4.766
2971.630	-0.170	3.814
2971.640	-0.170	3.081
2971.650	-0.170	2.422
2971.660	0.040	1.633
2971.670	0.040	0.741
2971.680	0.040	-0.260
2971.690	0.260	-1.226
2971.700	0.260	-1.958
2971.710	0.260	-2.544
2971.720	0.440	-3.138
2971.730	0.440	-3.871
2971.740	0.440	-4.676
2971.750	0.630	-5.336
2971.760	0.630	-6.214
2971.770	0.630	-6.727
2971.780	0.780	-7.118
2971.790	0.780	-7.690
2971.800	0.780	-8.350
2971.810	0.910	-9.082
2971.820	0.910	-9.375
2971.830	0.910	-9.961
2971.840	1.010	-10.254
2971.850	1.010	-10.840
2971.860	1.010	-10.881
2971.870	1.090	-11.473
2971.880	1.090	-11.986
2971.890	1.090	-11.913
2971.900	1.140	-11.913
2971.910	1.140	-12.059
2971.920	1.140	-12.881
2971.930	1.150	-12.561
2971.940	1.150	-12.928
2971.950	1.150	-12.781
2971.960	1.150	-13.033
2971.970	1.150	-12.514
2971.980	1.150	-12.441
2971.990	1.100	-12.441
2972.000	1.100	-12.661
2972.010	1.100	-12.319
2972.020	1.020	-11.890
2972.030	1.020	-11.770
2972.040	1.020	-11.477
2972.050	0.900	-10.964
2972.060	0.900	-10.158
2972.070	0.900	-10.256
2972.080	0.740	-9.604
2972.090	0.740	-9.018
2972.100	0.740	-8.358
2972.110	0.590	-8.041
2972.120	0.590	-7.209
2972.130	0.590	-6.655
2972.140	0.400	-5.683
2972.150	0.400	-5.171
2972.160	0.400	-4.658
2972.170	0.200	-3.681
2972.180	0.200	-3.016
2972.190	0.200	-2.421
2972.200	-0.020	-1.629
2972.210	-0.020	-0.750
2972.220	-0.020	-0.091
2972.230	-0.240	0.674
2972.240	-0.240	1.606
2972.250	-0.240	2.412
2972.260	-0.450	3.071
2972.270	-0.450	3.877
2972.280	-0.450	4.682
2972.290	-0.660	5.260
2972.300	-0.660	6.079
2972.310	-0.660	6.958
2972.320	-0.850	7.837
2972.330	-0.850	8.569
2972.340	-0.850	9.009
2972.350	-1.040	9.814
2972.360	-1.040	10.693
2972.370	-1.040	10.913
2972.380	-1.210	11.792
2972.390	-1.210	12.744
2972.400	-1.210	13.110
2972.410	-1.360	13.916
2972.420	-1.360	14.429
2972.430	-1.360	14.502
2972.440	-1.500	15.308
2972.450	-1.500	15.820
2972.460	-1.500	16.113
2972.470	-1.600	16.992
2972.480	-1.600	16.919
2972.490	-1.600	17.285
2972.500	-1.680	18.018
2972.510	-1.680	18.018
2972.520	-1.680	18.237
2972.530	-1.730	18.750
2972.540	-1.730	18.823
2972.550	-1.730	18.970
2972.560	-1.750	19.189
2972.570	-1.750	19.189
2972.580	-1.750	19.189
2972.590	-1.740	19.189
2972.600	-1.740	19.116
2972.610	-1.740	19.238
2972.620	-1.700	19.238
2972.630	-1.700	18.879
2972.640	-1.700	18.724
2972.650	-1.620	18.724
2972.660	-1.620	18.145
2972.670	-1.620	18.112
2972.680	-1.520	18.112
2972.690	-1.520	17.260
2972.700	-1.520	16.894
2972.710	-1.350	16.454
2972.720	-1.350	15.527
2972.730	-1.350	15.666
2972.740	-1.190	14.576
2972.750	-1.190	13.917
2972.760	-1.190	13.251
2972.770	-0.990	12.331
2972.780	-0.990	11.819
2972.790	-0.990	11.279
2972.800	-0.770	10.474
2972.810	-0.770	9.595
2972.820	-0.770	8.936
2972.830	-0.570	7.690
2972.840	-0.570	6.958
2972.850	-0.570	6.152
2972.860	-0.310	5.640
2972.870	-0.310	4.834
2972.880	-0.310	3.809
2972.890	-0.090	3.076
2972.900	-0.090	2.051
2972.910	-0.090	1.099
2972.920	0.140	0.439
2972.930	0.140	-0.146
2972.940	0.140	-0.732
2972.950	0.340	-1.538
2972.960	0.340	-2.490
2972.970	0.340	-3.369
2972.980	0.500	-4.028
2972.990	0.500	-4.980
2973.000	0.500	-5.493
2973.010	0.690	-5.859
2973.020	0.690	-6.665
2973.030	0.690	-7.251
2973.040	0.840	-8.203
2973.050	0.840	-8.789
2973.060	0.840	-9.082
2973.070	0.970	-9.595
2973.080	0.970	-10.327
2973.090	0.970	-10.327
2973.100	1.060	-10.840
2973.110	1.060	-11.353
2973.120	1.060	-11.792
2973.130	1.140	-12.012
2973.140	1.140	-12.231
2973.150	1.140	-12.524
2973.160	1.170	-12.891
2973.170	1.170	-12.744
2973.180	1.170	-12.744
2973.190	1.190	-13.257
2973.200	1.190	-13.110
2973.210	1.190	-13.403
2973.220	1.180	-13.110
2973.230	1.180	-13.330
2973.240	1.180	-12.817
2973.250	1.120	-12.817
2973.260	1.120	-12.524
2973.270	1.120	-12.671
2973.280	1.040	-12.158
2973.290	1.040	-11.865
2973.300	1.040	-11.646
2973.310	0.920	-11.353
2973.320	0.920	-10.840
2973.330	0.920	-10.107
2973.340	0.780	-9.961
2973.350	0.780	-9.302
2973.360	0.780	-8.854
2973.370	0.620	-8.142
2973.380	0.620	-7.922
2973.390	0.620	-7.116
2973.400	0.460	-6.530
2973.410	0.460	-5.505
2973.420	0.460	-4.935
2973.430	0.240	-4.416
2973.440	0.240	-3.610
2973.450	0.240	-2.951
2973.460	0.020	-2.167
2973.470	0.020	-1.488
2973.480	0.020	-0.536
2973.490	-0.200	0.343
2973.500	-0.200	1.295
2973.510	-0.200	1.955
2973.520	-0.400	2.630
2973.530	-0.400	3.429
2973.540	-0.400	4.324
2973.550	-0.600	4.924
2973.560	-0.600	5.450
2973.570	-0.600	6.475
2973.580	-0.790	7.134
2973.590	-0.790	8.013
2973.600	-0.790	8.330
2973.610	-0.960	9.149
2973.620	-0.960	9.735
2973.630	-0.960	10.394
2973.640	-1.120	10.525
2973.650	-1.120	11.537
2973.660	-1.120	12.489
2973.670	-1.260	12.635
2973.680	-1.260	13.368
2973.690	-1.260	13.734
2973.700	-1.380	13.929
2973.710	-1.380	14.429
2973.720	-1.380	15.356
2973.730	-1.460	15.356
2973.740	-1.460	16.062
2973.750	-1.460	16.396
2973.760	-1.540	16.396
2973.770	-1.540	16.676
2973.780	-1.540	16.676
2973.790	-1.560	17.107
2973.800	-1.560	17.600
2973.810	-1.560	17.087
2973.820	-1.570	17.111
2973.830	-1.570	17.404
2973.840	-1.570	17.382
2973.850	-1.540	17.175
2973.860	-1.540	17.102
2973.870	-1.540	16.895
2973.880	-1.510	16.822
2973.890	-1.510	16.391
2973.900	-1.510	16.354
2973.910	-1.410	16.367
2973.920	-1.410	15.854
2973.930	-1.410	15.122
2973.940	-1.280	14.878
2973.950	-1.280	14.458
2973.960	-1.280	14.230
2973.970	-1.130	13.704
2973.980	-1.130	13.338
2973.990	-1.130	12.533
2974.000	-0.940	11.930
2974.010	-0.940	11.258
2974.020	-0.940	10.363
2974.030	-0.740	10.070
2974.040	-0.740	9.264
2974.050	-0.740	8.458
2974.060	-0.540	7.514
2974.070	-0.540	6.942
2974.080	-0.540	6.022
2974.090	-0.300	5.343
2974.100	-0.300	4.391
2974.110	-0.300	3.732
2974.120	-0.070	3.016
2974.130	-0.070	2.063
2974.140	-0.070	1.079
2974.150	0.170	0.306
2974.160	0.170	-0.426
2974.170	0.170	-1.232
2974.180	0.370	-2.363
2974.190	0.370	-3.149
2974.200	0.370	-3.792
2974.210	0.580	-4.524
2974.220	0.580	-5.256
2974.230	0.580	-5.916
2974.240	0.760	-6.762
2974.250	0.760	-7.308
2974.260	0.760	-8.114
2974.270	0.940	-8.846
2974.280	0.940	-9.359
2974.290	0.940	-9.798
2974.300	1.060	-10.474
2974.310	1.060	-10.986
2974.320	1.060	-11.719
2974.330	1.170	-12.012
2974.340	1.170	-12.378
2974.350	1.170	-13.184
2974.360	1.280	-13.257
2974.370	1.280	-13.550
2974.380	1.280	-13.940
2974.390	1.360	-14.380
2974.400	1.360	-14.666
2974.410	1.360	-15.032
2974.420	1.400	-14.813
2974.430	1.400	-15.252
2974.440	1.400	-15.252
2974.450	1.400	-15.106
2974.460	1.400	-15.545
2974.470	1.400	-15.797
2974.480	1.390	-15.353
2974.490	1.390	-15.353
2974.500	1.390	-15.214
2974.510	1.320	-15.140
2974.520	1.320	-14.994
2974.530	1.320	-14.929
2974.540	1.230	-14.789
2974.550	1.230	-14.130
2974.560	1.230	-13.764
2974.570	1.100	-12.999
2974.580	1.100	-12.905
2974.590	1.100	-12.499
2974.600	0.940	-11.839
2974.610	0.940	-11.327
2974.620	0.940	-10.814
2974.630	0.770	-10.073
2974.640	0.770	-9.408
2974.650	0.770	-9.017
2974.660	0.570	-8.105
2974.670	0.570	-7.372
2974.680	0.570	-6.493
2974.690	0.350	-5.728
2974.700	0.350	-5.216
2974.710	0.350	-3.539
2974.720	0.170	-3.539
2974.730	0.170	-2.660
2974.740	0.170	-0.984
2974.750	-0.050	-0.984
2974.760	-0.050	-0.385
2974.770	-0.050	0.820
2974.780	-0.260	0.820
2974.790	-0.260	1.446
2974.800	-0.260	3.285
2974.810	-0.460	3.285
2974.820	-0.460	3.884
2974.830	-0.460	5.585
2974.840	-0.640	5.585
2974.850	-0.640	5.958
2974.860	-0.640	7.534
2974.870	-0.810	7.534
2974.880	-0.810	8.412
2974.890	-0.810	9.504
2974.900	-0.960	9.504
2974.910	-0.960	9.897
2974.920	-0.960	10.803
2974.930	-1.100	10.803
2974.940	-1.100	11.535
2974.950	-1.100	12.204
2974.960	-1.210	12.204
2974.970	-1.210	12.730
2974.980	-1.210	13.023
2974.990	-1.290	13.650
2975.000	-1.290	13.869
2975.010	-1.290	14.282
2975.020	-1.340	14.429
2975.030	-1.340	14.502
2975.040	-1.340	14.844
2975.050	-1.390	15.130
2975.060	-1.390	14.910
2975.070	-1.390	15.277
2975.080	-1.360	15.350
2975.090	-1.360	14.764
2975.100	-1.360	15.236
2975.110	-1.340	14.956
2975.120	-1.340	14.663
2975.130	-1.340	14.956
2975.140	-1.240	14.248
2975.150	-1.240	14.035
2975.160	-1.240	13.815
2975.170	-1.160	13.376
2975.180	-1.160	12.863
2975.190	-1.160	12.163
2975.200	-1.020	12.163
2975.210	-1.020	11.697
2975.220	-1.020	10.672
2975.230	-0.850	10.232
2975.240	-0.850	10.232
2975.250	-0.850	9.647
2975.260	-0.670	9.027
2975.270	-0.670	8.148
2975.280	-0.670	7.489
2975.290	-0.470	6.618
2975.300	-0.470	6.106
2975.310	-0.470	5.484
2975.320	-0.250	4.519
2975.330	-0.250	3.860
2975.340	-0.250	2.981
2975.350	-0.010	2.102
2975.360	-0.010	1.403
2975.370	-0.010	0.524
2975.380	0.210	-0.282
2975.390	0.210	-1.161
2975.400	0.210	-1.893
2975.410	0.440	-2.870
2975.420	0.440	-3.809
2975.430	0.440	-4.541
2975.440	0.660	-5.566
2975.450	0.660	-6.299
2975.460	0.660	-6.812
2975.470	0.860	-7.690
2975.480	0.860	-8.350
2975.490	0.860	-9.229
2975.500	1.030	-9.814
2975.510	1.030	-10.474
2975.520	1.030	-11.133
2975.530	1.180	-11.719
2975.540	1.180	-12.231
2975.550	1.180	-12.891
2975.560	1.330	-13.403
2975.570	1.330	-13.623
2975.580	1.330	-14.209
2975.590	1.430	-14.502
2975.600	1.430	-15.234
2975.610	1.430	-15.820
2975.620	1.510	-15.747
2975.630	1.510	-16.187
2975.640	1.510	-16.479
2975.650	1.560	-16.626
2975.660	1.560	-16.992
2975.670	1.560	-17.212
2975.680	1.580	-17.285
2975.690	1.580	-17.578
2975.700	1.580	-17.432
2975.710	1.580	-17.358
2975.720	1.580	-17.798
2975.730	1.580	-17.432
2975.740	1.540	-17.212
2975.750	1.540	-17.285
2975.760	1.540	-17.139
2975.770	1.450	-16.919
2975.780	1.450	-16.699
2975.790	1.450	-16.040
2975.800	1.350	-15.894
2975.810	1.350	-15.527
2975.820	1.350	-14.722
2975.830	1.200	-14.722
2975.840	1.200	-14.136
2975.850	1.200	-13.623
2975.860	1.040	-12.817
2975.870	1.040	-12.158
2975.880	1.040	-11.499
2975.890	0.860	-11.060
2975.900	0.860	-10.547
2975.910	0.860	-9.668
2975.920	0.650	-9.082
2975.930	0.650	-8.057
2975.940	0.650	-7.324
2975.950	0.430	-6.519
2975.960	0.430	-6.006
2975.970	0.430	-5.290
2975.980	0.200	-4.477
2975.990	0.200	-3.745
2976.000	0.200	-2.720
2976.010	-0.020	-1.914
2976.020	-0.020	-1.108
2976.030	-0.020	-0.376
2976.040	-0.200	0.357
2976.050	-0.200	1.203
2976.060	-0.200	2.872
2976.070	-0.400	2.872
2976.080	-0.400	3.671
2976.090	-0.400	5.129
2976.100	-0.600	5.129
2976.110	-0.600	5.862
2976.120	-0.600	6.960
2976.130	-0.790	6.960
2976.140	-0.790	7.526
2976.150	-0.790	9.035
2976.160	-0.930	9.035
2976.170	-0.930	9.467
2976.180	-0.930	10.639
2976.190	-1.060	10.639
2976.200	-1.060	10.865
2976.210	-1.060	12.118
2976.220	-1.170	12.118
2976.230	-1.170	12.418
2976.240	-1.170	13.032
2976.250	-1.260	13.113
2976.260	-1.260	13.579
2976.270	-1.260	13.555
2976.280	-1.300	13.841
2976.290	-1.300	14.061
2976.300	-1.300	14.281
2976.310	-1.320	14.419
2976.320	-1.320	14.566
2976.330	-1.320	14.469
2976.340	-1.310	14.455
2976.350	-1.310	14.235
2976.360	-1.310	14.301
2976.370	-1.260	14.326
2976.380	-1.260	14.186
2976.390	-1.260	14.040
2976.400	-1.160	13.727
2976.410	-1.160	13.287
2976.420	-1.160	12.994
2976.430	-1.080	12.864
2976.440	-1.080	12.211
2976.450	-1.080	11.479
2976.460	-0.920	11.479
2976.470	-0.920	10.966
2976.480	-0.920	10.470
2976.490	-0.780	9.738
2976.500	-0.780	9.172
2976.510	-0.780	8.293
2976.520	-0.580	7.560
2976.530	-0.580	6.901
2976.540	-0.580	6.462
2976.550	-0.380	5.876
2976.560	-0.380	4.850
2976.570	-0.380	4.191
2976.580	-0.160	3.296
2976.590	-0.160	2.490
2976.600	-0.160	1.978
2976.610	0.080	1.245
2976.620	0.080	0.293
2976.630	0.080	-0.659
2976.640	0.320	-1.538
2976.650	0.320	-2.197
2976.660	0.320	-2.930
2976.670	0.540	-3.882
2976.680	0.540	-4.614
2976.690	0.540	-5.566
2976.700	0.730	-6.372
2976.710	0.730	-6.812
2976.720	0.730	-7.544
2976.730	0.920	-8.276
2976.740	0.920	-9.229
2976.750	0.920	-9.741
2976.760	1.090	-10.620
2976.770	1.090	-11.206
2976.780	1.090	-11.792
2976.790	1.240	-12.378
2976.800	1.240	-13.037
2976.810	1.240	-14.168
2976.820	1.370	-14.168
2976.830	1.370	-14.528
2976.840	1.370	-15.830
2976.850	1.490	-15.830
2976.860	1.490	-16.096
2976.870	1.490	-16.772
2976.880	1.570	-16.772
2976.890	1.570	-16.892
2976.900	1.570	-17.909
2976.910	1.610	-17.909
2976.920	1.610	-17.450
2976.930	1.610	-18.319
2976.940	1.630	-18.319
2976.950	1.630	-17.950
2976.960	1.630	-18.163
2976.970	1.610	-18.163
2976.980	1.610	-17.930
2976.990	1.610	-17.534
2977.000	1.570	-17.534
2977.010	1.570	-17.294
2977.020	1.570	-16.961
2977.030	1.490	-16.961
2977.040	1.490	-16.595
2977.050	1.490	-15.866
2977.060	1.360	-15.866
2977.070	1.360	-15.793
2977.080	1.360	-14.781
2977.090	1.210	-14.781
2977.100	1.210	-14.114
2977.110	1.210	-12.750
2977.120	1.040	-12.750
2977.130	1.040	-12.817
2977.140	1.040	-10.880
2977.150	0.870	-10.880
2977.160	0.870	-10.647
2977.170	0.870	-9.101
2977.180	0.660	-9.101
2977.190	0.660	-8.528
2977.200	0.660	-7.055
2977.210	0.450	-7.055
2977.220	0.450	-6.303
2977.230	0.450	-4.651
2977.240	0.230	-4.651
2977.250	0.230	-3.919
2977.260	0.230	-2.329
2977.270	0.010	-2.329
2977.280	0.010	-1.610
2977.290	0.010	0.145
2977.300	-0.200	0.145
2977.310	-0.200	0.877
2977.320	-0.200	2.330
2977.330	-0.390	2.330
2977.340	-0.390	3.136
2977.350	-0.390	4.699
2977.360	-0.550	4.699
2977.370	-0.550	5.358
2977.380	-0.550	6.323
2977.390	-0.720	6.903
2977.400	-0.720	7.635
2977.410	-0.720	8.237
2977.420	-0.860	8.237
2977.430	-0.860	8.850
2977.440	-0.860	9.834
2977.450	-0.990	9.834
2977.460	-0.990	10.181
2977.470	-0.990	11.076
2977.480	-1.100	11.242
2977.490	-1.100	11.469
2977.500	-1.100	11.688
2977.510	-1.180	12.185
2977.520	-1.180	12.917
2977.530	-1.180	12.817
2977.540	-1.220	13.127
2977.550	-1.220	13.200
2977.560	-1.220	13.366
2977.570	-1.230	13.130
2977.580	-1.230	13.184
2977.590	-1.230	13.696
2977.600	-1.210	13.403
2977.610	-1.210	13.550
2977.620	-1.210	13.184
2977.630	-1.140	13.257
2977.640	-1.140	12.524
2977.650	-1.140	12.598
2977.660	-1.050	12.431
2977.670	-1.050	12.211
2977.680	-1.050	11.699
2977.690	-0.920	11.186
2977.700	-0.920	11.040
2977.710	-0.920	10.234
2977.720	-0.760	9.861
2977.730	-0.760	9.275
2977.740	-0.760	8.836
2977.750	-0.580	7.737
2977.760	-0.580	7.244
2977.770	-0.580	6.642
2977.780	-0.350	6.169
2977.790	-0.350	5.290
2977.800	-0.350	4.558
2977.810	-0.200	3.899
2977.820	-0.200	3.100
2977.830	-0.200	2.367
2977.840	0.020	1.708
2977.850	0.020	0.976
2977.860	0.020	-0.985
2977.870	0.240	-0.985
2977.880	0.240	-1.685
2977.890	0.240	-2.344
2977.900	0.460	-3.223
2977.910	0.460	-4.191
2977.920	0.460	-5.949
2977.930	0.680	-5.949
2977.940	0.680	-6.528
2977.950	0.680	-7.839
2977.960	0.870	-7.839
2977.970	0.870	-8.645
2977.980	0.870	-10.085
2977.990	1.040	-10.085
2978.000	1.040	-10.618
2978.010	1.040	-12.026
2978.020	1.200	-12.026
2978.030	1.200	-12.385
2978.040	1.200	-13.653
2978.050	1.350	-13.653
2978.060	1.350	-14.053
2978.070	1.350	-15.095
2978.080	1.470	-15.095
2978.090	1.470	-15.727
2978.100	1.470	-16.391
2978.110	1.560	-16.391
2978.120	1.560	-16.810
2978.130	1.560	-17.061
2978.140	1.620	-17.061
2978.150	1.620	-17.793
2978.160	1.620	-17.800
2978.170	1.640	-17.515
2978.180	1.640	-18.028
2978.190	1.640	-18.437
2978.200	1.640	-18.437
2978.210	1.640	-18.018
2978.220	1.640	-18.306
2978.230	1.620	-18.419
2978.240	1.620	-18.126
2978.250	1.620	-17.980
2978.260	1.560	-17.907
2978.270	1.560	-17.687
2978.280	1.560	-17.573
2978.290	1.470	-16.994
2978.300	1.470	-16.408
2978.310	1.470	-16.534
2978.320	1.330	-15.899
2978.330	1.330	-15.274
2978.340	1.330	-14.688
2978.350	1.170	-14.321
2978.360	1.170	-13.882
2978.370	1.170	-13.223
2978.380	1.000	-12.604
2978.390	1.000	-11.938
2978.400	1.000	-11.426
2978.410	0.800	-10.620
2978.420	0.800	-9.741
2978.430	0.800	-9.009
2978.440	0.570	-8.423
2978.450	0.570	-7.397
2978.460	0.570	-6.665
2978.470	0.340	-5.859
2978.480	0.340	-4.834
2978.490	0.340	-4.102
2978.500	0.100	-3.003
2978.510	0.100	-2.344
2978.520	0.100	-1.685
2978.530	-0.110	-1.025
2978.540	-0.110	0.000
2978.550	-0.110	0.806
2978.560	-0.330	1.538
2978.570	-0.330	2.124
2978.580	-0.330	2.710
2978.590	-0.520	3.589
2978.600	-0.520	5.127
2978.610	-0.520	5.933
2978.620	-0.700	5.933
2978.630	-0.700	6.519
2978.640	-0.700	7.967
2978.650	-0.860	7.967
2978.660	-0.860	8.460
2978.670	-0.860	9.754
2978.680	-0.980	9.754
2978.690	-0.980	10.140
2978.700	-0.980	11.230
2978.710	-1.080	11.230
2978.720	-1.080	11.537
2978.730	-1.080	12.554
2978.740	-1.180	12.554
2978.750	-1.180	12.118
2978.760	-1.180	13.147
2978.770	-1.220	13.147
2978.780	-1.220	13.460
2978.790	-1.220	13.718
2978.800	-1.250	13.718
2978.810	-1.250	13.792
2978.820	-1.250	13.827
2978.830	-1.240	13.827
2978.840	-1.240	13.761
2978.850	-1.240	13.831
2978.860	-1.210	13.831
2978.870	-1.210	13.505
2978.880	-1.210	12.655
2978.890	-1.120	12.655
2978.900	-1.120	12.701
2978.910	-1.120	12.726
2978.920	-1.040	12.726
2978.930	-1.040	11.847
2978.940	-1.040	11.327
2978.950	-0.900	11.401
2978.960	-0.900	10.505
2978.970	-0.900	10.319
2978.980	-0.760	9.587
2978.990	-0.760	9.220
2979.000	-0.760	8.464
2979.010	-0.550	7.758
2979.020	-0.550	6.960
2979.030	-0.550	6.594
2979.040	-0.370	5.935
2979.050	-0.370	4.909
2979.060	-0.370	4.258
2979.070	-0.140	3.446
2979.080	-0.140	2.860
2979.090	-0.140	2.274
2979.100	0.040	1.566
2979.110	0.040	0.734
2979.120	0.040	-0.422
2979.130	0.260	-1.321
2979.140	0.260	-1.980
2979.150	0.260	-2.492
2979.160	0.460	-3.087
2979.170	0.460	-4.032
2979.180	0.460	-5.565
2979.190	0.650	-5.565
2979.200	0.650	-6.444
2979.210	0.650	-7.640
2979.220	0.840	-7.640
2979.230	0.840	-8.106
2979.240	0.840	-9.644
2979.250	1.000	-9.644
2979.260	1.000	-10.330
2979.270	1.000	-11.632
2979.280	1.140	-11.632
2979.290	1.140	-11.899
2979.300	1.140	-12.590
2979.310	1.260	-13.308
2979.320	1.260	-13.088
2979.330	1.260	-13.774
2979.340	1.380	-14.140
2979.350	1.380	-14.580
2979.360	1.380	-15.334
2979.370	1.440	-15.615
2979.380	1.440	-15.396
2979.390	1.440	-15.875
2979.400	1.490	-15.916
2979.410	1.490	-16.142
2979.420	1.490	-16.915
2979.430	1.510	-16.696
2979.440	1.510	-17.029
2979.450	1.510	-16.614
2979.460	1.490	-16.614
2979.470	1.490	-16.548
2979.480	1.490	-16.987
2979.490	1.460	-16.621
2979.500	1.460	-16.328
2979.510	1.460	-16.255
2979.520	1.380	-15.701
2979.530	1.380	-15.774
2979.540	1.380	-15.628
2979.550	1.290	-15.075
2979.560	1.290	-14.562
2979.570	1.290	-14.209
2979.580	1.150	-13.770
2979.590	1.150	-13.403
2979.600	1.150	-12.744
2979.610	0.980	-12.231
2979.620	0.980	-11.719
2979.630	0.980	-11.279
2979.640	0.800	-10.400
2979.650	0.800	-9.595
2979.660	0.800	-8.350
2979.670	0.600	-7.397
2979.680	0.600	-7.397
2979.690	0.600	-6.152
2979.700	0.390	-6.152
2979.710	0.390	-5.200
2979.720	0.390	-4.476
2979.730	0.160	-3.377
2979.740	0.160	-2.791
2979.750	0.160	-2.132
2979.760	-0.060	-1.473
2979.770	-0.060	-0.667
2979.780	-0.060	0.212
2979.790	-0.270	1.017
2979.800	-0.270	1.750
2979.810	-0.270	2.409
2979.820	-0.480	3.003
2979.830	-0.480	3.809
2979.840	-0.480	4.687
2979.850	-0.660	5.420
2979.860	-0.660	6.299
2979.870	-0.660	6.812
2979.880	-0.830	7.544
2979.890	-0.830	8.130
2979.900	-0.830	8.919
2979.910	-0.990	9.412
2979.920	-0.990	9.998
2979.930	-0.990	10.657
2979.940	-1.120	11.316
2979.950	-1.120	11.536
2979.960	-1.120	12.049
2979.970	-1.290	12.781
2979.980	-1.290	12.781
2979.990	-1.290	13.221
2980.000	-1.290	13.383
2980.010	-1.290	13.989
2980.020	-1.290	14.600
2980.030	-1.340	14.466
2980.040	-1.340	14.466
2980.050	-1.340	14.540
2980.060	-1.340	14.540
2980.070	-1.340	14.759
2980.080	-1.340	14.898
2980.090	-1.330	14.898
2980.100	-1.330	14.971
2980.110	-1.330	14.458
2980.120	-1.280	14.287
2980.130	-1.280	14.274
2980.140	-1.280	14.282
2980.150	-1.220	14.282
2980.160	-1.220	13.936
2980.170	-1.220	13.497
2980.180	-1.100	13.065
2980.190	-1.100	12.406
2980.200	-1.100	12.186
2980.210	-0.980	12.040
2980.220	-0.980	11.600
2980.230	-0.980	10.941
2980.240	-0.800	10.054
2980.250	-0.800	9.761
2980.260	-0.800	9.155
2980.270	-0.610	8.350
2980.280	-0.610	7.837
2980.290	-0.610	7.544
2980.300	-0.410	6.592
2980.310	-0.410	5.859
2980.320	-0.410	4.907
2980.330	-0.180	4.248
2980.340	-0.180	3.589
2980.350	-0.180	2.637
2980.360	0.030	1.831
2980.370	0.030	1.099
2980.380	0.030	0.146
2980.390	0.260	-0.806
2980.400	0.260	-1.611
2980.410	0.260	-2.271
2980.420	0.430	-3.369
2980.430	0.430	-3.955
2980.440	0.430	-4.687
2980.450	0.630	-5.546
2980.460	0.630	-6.352
2980.470	0.630	-7.158
2980.480	0.820	-7.670
2980.490	0.820	-8.037
2980.500	0.820	-8.981
2980.510	0.980	-9.533
2980.520	0.980	-9.973
2980.530	0.980	-10.559
2980.540	1.120	-11.291
2980.550	1.120	-11.970
2980.560	1.120	-12.157
2980.570	1.240	-12.524
2980.580	1.240	-12.963
2980.590	1.240	-13.622
2980.600	1.340	-13.923
2980.610	1.340	-14.543
2980.620	1.340	-14.469
2980.630	1.390	-14.982
2980.640	1.390	-14.982
2980.650	1.390	-15.601
2980.660	1.440	-15.894
2980.670	1.440	-15.747
2980.680	1.440	-15.894
2980.690	1.450	-15.894
2980.700	1.450	-15.967
2980.710	1.450	-16.040
2980.720	1.420	-16.040
2980.730	1.420	-16.040
2980.740	1.420	-15.674
2980.750	1.360	-15.674
2980.760	1.360	-15.308
2980.770	1.360	-15.015
2980.780	1.270	-14.722
2980.790	1.270	-14.722
2980.800	1.270	-14.502
2980.810	1.160	-14.062
2980.820	1.160	-13.477
2980.830	1.160	-12.817
2980.840	1.020	-12.964
2980.850	1.020	-12.158
2980.860	1.020	-11.499
2980.870	0.870	-11.133
2980.880	0.870	-10.474
2980.890	0.870	-9.814
2980.900	0.670	-9.082
2980.910	0.670	-8.643
2980.920	0.670	-7.764
2980.930	0.460	-6.958
2980.940	0.460	-5.859
2980.950	0.460	-5.273
2980.960	0.240	-4.614
2980.970	0.240	-3.516
2980.980	0.240	-2.783
2980.990	0.000	-1.978
2981.000	0.000	-1.025
2981.010	0.000	-0.366
2981.020	-0.220	0.220
2981.030	-0.220	0.879
2981.040	-0.220	1.758
2981.050	-0.420	2.637
2981.060	-0.420	3.369
2981.070	-0.420	4.248
2981.080	-0.620	5.054
2981.090	-0.620	5.566
2981.100	-0.620	6.592
2981.110	-0.800	7.397
2981.120	-0.800	8.276
2981.130	-0.800	8.716
2981.140	-0.980	9.155
2981.150	-0.980	9.814
2981.160	-0.980	10.620
2981.170	-1.110	10.767
2981.180	-1.110	11.499
2981.190	-1.110	12.305
2981.200	-1.240	12.398
2981.210	-1.240	12.764
2981.220	-1.240	13.130
2981.230	-1.330	13.936
2981.240	-1.330	14.375
2981.250	-1.330	14.774
2981.260	-1.420	14.708
2981.270	-1.420	15.220
2981.280	-1.420	15.220
2981.290	-1.450	15.440
2981.300	-1.450	15.860
2981.310	-1.450	16.258
2981.320	-1.460	16.052
2981.330	-1.460	15.979
2981.340	-1.460	16.052
2981.350	-1.430	15.800
2981.360	-1.430	16.086
2981.370	-1.430	16.094
2981.380	-1.390	15.748
