%Time [ms]	Commanded Torque [mNm]	Angular Velocity [RPM]	Actual Current [Amp]	%2/10/20261:35 PM
0.000	0.000	0.000	0.000
20.000	6.000	0.000	-0.000
30.000	6.000	0.000	0.001
40.000	6.000	0.000	0.001
50.000	6.000	0.000	-0.000
60.000	6.000	0.000	-0.000
70.000	6.000	0.000	0.002
80.000	6.000	0.000	0.001
90.000	6.000	0.000	0.001
100.000	6.000	0.000	0.001
110.000	6.000	0.000	0.001
120.000	6.000	0.000	-0.000
130.000	6.000	0.000	0.001
140.000	6.000	0.000	0.002
150.000	6.000	0.000	0.001
160.000	6.000	0.000	0.001
170.000	6.000	0.000	-0.000
180.000	6.000	0.000	-0.002
190.000	6.000	0.000	-0.000
200.000	6.000	0.000	-0.000
210.000	6.000	0.000	-0.000
220.000	6.000	0.000	-0.000
230.000	6.000	0.000	0.001
240.000	6.000	0.000	-0.000
250.000	6.000	0.000	-0.000
260.000	6.000	0.000	-0.000
270.000	6.000	0.000	0.002
280.000	6.000	0.000	-0.000
290.000	6.000	0.000	-0.002
300.000	6.000	0.000	0.001
310.000	6.000	0.000	0.001
320.000	6.000	0.000	0.002
330.000	6.000	0.000	-0.000
340.000	6.000	0.000	0.001
350.000	6.000	0.000	0.002
360.000	6.000	0.000	0.001
370.000	6.000	0.000	-0.000
380.000	6.000	0.000	-0.000
390.000	6.000	0.000	0.001
400.000	6.000	-0.067	-0.000
410.000	6.000	-0.067	0.001
420.000	6.000	-0.067	0.001
430.000	6.000	-0.067	0.002
440.000	6.000	-0.067	-0.000
450.000	6.000	-0.067	0.001
460.000	6.000	-0.067	0.001
470.000	6.000	-0.067	0.001
480.000	6.000	-0.067	0.001
490.000	6.000	-0.067	-0.000
500.000	6.000	0.000	0.002
510.000	6.000	0.000	-0.000
520.000	6.000	0.000	-0.000
530.000	6.000	0.000	-0.000
540.000	6.000	0.000	0.002
550.000	6.000	0.000	0.001
560.000	6.000	0.000	0.001
570.000	6.000	0.000	-0.000
580.000	6.000	0.000	0.001
590.000	6.000	0.000	0.001
600.000	6.000	0.000	0.001
610.000	6.000	0.000	-0.002
620.000	6.000	0.000	-0.000
630.000	6.000	0.000	0.001
640.000	6.000	0.000	-0.002
650.000	6.000	0.000	-0.002
660.000	6.000	0.000	0.001
670.000	6.000	0.000	0.001
680.000	6.000	0.000	-0.000
690.000	6.000	0.000	0.001
700.000	6.000	0.000	0.001
710.000	6.000	0.000	0.001
720.000	6.000	0.000	0.001
730.000	6.000	0.000	0.001
740.000	6.000	0.000	-0.000
750.000	6.000	0.073	-0.000
760.000	6.000	0.073	-0.000
770.000	6.000	0.073	-0.000
780.000	6.000	0.073	0.001
790.000	6.000	0.073	0.001
800.000	6.000	0.073	0.002
810.000	6.000	0.073	0.002
820.000	6.000	0.073	0.002
830.000	6.000	0.073	0.002
840.000	6.000	0.000	-0.000
850.000	6.000	0.000	-0.000
860.000	6.000	0.000	0.001
870.000	6.000	0.000	-0.000
880.000	6.000	0.000	-0.000
890.000	6.000	0.000	-0.000
900.000	6.000	0.000	0.001
910.000	6.000	0.000	0.001
920.000	6.000	0.000	-0.000
930.000	6.000	0.000	0.001
940.000	6.000	0.000	-0.000
950.000	6.000	0.000	-0.000
960.000	6.000	0.000	-0.000
970.000	6.000	0.000	0.002
980.000	6.000	0.000	-0.000
990.000	6.000	0.000	-0.000
1000.000	6.000	0.000	0.001
1010.000	6.000	0.000	-0.000
1020.000	6.000	0.000	0.002
1030.000	6.000	0.000	0.001
1040.000	6.000	0.000	-0.000
1050.000	6.000	-0.073	0.021
1060.000	6.000	-0.073	0.079
1070.000	6.000	-0.073	0.119
1080.000	6.000	-0.073	0.153
1090.000	6.000	-0.206	0.177
1100.000	6.000	-0.288	0.191
1110.000	6.000	-0.361	0.206
1120.000	6.000	-0.434	0.212
1130.000	6.000	-0.508	0.220
1140.000	6.000	-0.654	0.229
1150.000	6.000	-0.654	0.229
1160.000	6.000	-0.800	0.230
1170.000	6.000	-1.020	0.233
1180.000	6.000	-1.020	0.233
1190.000	6.000	-0.960	0.234
1200.000	6.000	-1.025	0.235
1210.000	6.000	-1.025	0.235
1220.000	6.000	-1.025	0.235
1230.000	6.000	-1.099	0.235
1240.000	6.000	-1.099	0.235
1250.000	6.000	-1.172	0.236
1260.000	6.000	-1.318	0.236
1270.000	6.000	-1.318	0.236
1280.000	6.000	-1.392	0.238
1290.000	6.000	-1.611	0.236
1300.000	6.000	-1.804	0.236
1310.000	6.000	-1.902	0.235
1320.000	6.000	-2.049	0.235
1330.000	6.000	-2.122	0.238
1340.000	6.000	-2.195	0.238
1350.000	6.000	-2.415	0.236
1360.000	6.000	-2.601	0.235
1370.000	6.000	-2.788	0.235
1380.000	6.000	-2.935	0.235
1390.000	6.000	-2.908	0.235
1400.000	6.000	-2.967	0.236
1410.000	6.000	-2.943	0.236
1420.000	6.000	-3.016	0.236
1430.000	6.000	-3.089	0.238
1440.000	6.000	-3.309	0.240
1450.000	6.000	-3.409	0.239
1460.000	6.000	-3.483	0.239
1470.000	6.000	-3.442	0.240
1480.000	6.000	-3.442	0.239
1490.000	6.000	-3.689	0.239
1500.000	6.000	-4.096	0.242
1510.000	6.000	-4.096	0.242
1520.000	6.000	-4.096	0.239
1530.000	6.000	-4.096	0.240
1540.000	6.000	-3.989	0.241
1550.000	6.000	-4.011	0.242
1560.000	6.000	-4.117	0.242
1570.000	6.000	-4.150	0.241
1580.000	6.000	-4.272	0.241
1590.000	6.000	-4.199	0.241
1600.000	6.000	-4.079	0.241
1610.000	6.000	-4.446	0.241
1620.000	6.000	-4.592	0.242
1630.000	6.000	-4.699	0.245
1640.000	6.000	-4.773	0.240
1650.000	6.000	-4.870	0.242
1660.000	6.000	-4.957	0.240
1670.000	6.000	-5.127	0.241
1680.000	6.000	-5.151	0.242
1690.000	6.000	-5.444	0.242
1700.000	6.000	-5.637	0.241
1710.000	6.000	-5.344	0.241
1720.000	6.000	-5.344	0.244
1730.000	6.000	-5.384	0.241
1740.000	6.000	-5.710	0.242
1750.000	6.000	-5.657	0.241
1760.000	6.000	-5.708	0.242
1770.000	6.000	-5.871	0.241
1780.000	6.000	-6.091	0.241
1790.000	6.000	-5.871	0.241
1800.000	6.000	-5.651	0.241
1810.000	6.000	-5.944	0.241
1820.000	6.000	-6.237	0.241
1830.000	6.000	-6.384	0.240
1840.000	6.000	-6.384	0.241
1850.000	6.000	-6.746	0.242
1860.000	6.000	-6.608	0.242
1870.000	6.000	-6.342	0.242
1880.000	6.000	-6.423	0.240
1890.000	6.000	-6.643	0.242
1900.000	6.000	-6.803	0.240
1910.000	6.000	-6.965	0.240
1920.000	6.000	-7.112	0.242
1930.000	6.000	-6.992	0.241
1940.000	6.000	-6.992	0.241
1950.000	6.000	-6.976	0.241
1960.000	6.000	-7.129	0.240
1970.000	6.000	-7.477	0.242
1980.000	6.000	-7.688	0.242
1990.000	6.000	-7.488	0.240
2000.000	6.000	-7.540	0.240
2010.000	6.000	-7.524	0.242
2020.000	6.000	-7.377	0.241
2030.000	6.000	-7.717	0.241
2040.000	6.000	-8.010	0.240
2050.000	6.000	-7.797	0.244
2060.000	6.000	-7.864	0.239
2070.000	6.000	-8.075	0.239
2080.000	6.000	-7.855	0.241
2090.000	6.000	-8.348	0.236
2100.000	6.000	-8.576	0.236
2110.000	6.000	-8.296	0.236
2120.000	6.000	-8.622	0.238
2130.000	6.000	-8.622	0.236
2140.000	6.000	-8.475	0.238
2150.000	6.000	-8.908	0.236
2160.000	6.000	-8.908	0.235
2170.000	6.000	-8.748	0.238
2180.000	6.000	-9.001	0.239
2190.000	6.000	-8.854	0.236
2200.000	6.000	-9.147	0.236
2210.000	6.000	-9.280	0.238
2220.000	6.000	-9.028	0.235
2230.000	6.000	-9.221	0.239
2240.000	6.000	-9.237	0.236
2250.000	6.000	-9.384	0.235
2260.000	6.000	-9.384	0.235
2270.000	6.000	-9.470	0.236
2280.000	6.000	-9.511	0.236
2290.000	6.000	-9.511	0.236
2300.000	6.000	-9.511	0.236
2310.000	6.000	-9.731	0.239
2320.000	6.000	-9.731	0.239
2330.000	6.000	-9.684	0.238
2340.000	6.000	-9.668	0.236
2350.000	6.000	-9.668	0.236
2360.000	6.000	-9.741	0.238
2370.000	6.000	-9.888	0.236
2380.000	6.000	-9.888	0.236
2390.000	6.000	-10.181	0.238
2400.000	6.000	-9.961	0.238
2410.000	6.000	-9.961	0.238
2420.000	6.000	-10.107	0.238
2430.000	6.000	-10.327	0.236
2440.000	6.000	-10.327	0.236
2450.000	6.000	-10.034	0.235
2460.000	6.000	-10.327	0.236
2470.000	6.000	-10.327	0.236
2480.000	6.000	-10.693	0.235
2490.000	6.000	-10.474	0.238
2500.000	6.000	-10.474	0.238
2510.000	6.000	-10.693	0.239
2520.000	6.000	-10.767	0.238
2530.000	6.000	-10.767	0.238
2540.000	6.000	-10.474	0.235
2550.000	6.000	-10.840	0.236
2560.000	6.000	-10.840	0.236
2570.000	6.000	-11.060	0.235
2580.000	6.000	-11.060	0.238
2590.000	6.000	-11.060	0.238
2600.000	6.000	-11.060	0.235
2610.000	6.000	-11.060	0.240
2620.000	6.000	-11.060	0.240
2630.000	6.000	-11.279	0.239
2640.000	6.000	-11.572	0.239
2650.000	6.000	-11.572	0.239
2660.000	6.000	-11.353	0.238
2670.000	6.000	-11.572	0.240
2680.000	6.000	-11.572	0.240
2690.000	6.000	-11.792	0.242
2700.000	6.000	-11.572	0.240
2710.000	6.000	-11.572	0.240
2720.000	6.000	-11.865	0.242
2730.000	6.000	-11.792	0.240
2740.000	6.000	-11.792	0.240
2750.000	6.000	-11.719	0.242
2760.000	6.000	-12.158	0.241
2770.000	6.000	-12.158	0.241
2780.000	6.000	-12.012	0.240
2790.000	6.000	-12.451	0.244
2800.000	6.000	-12.451	0.244
2810.000	6.000	-12.305	0.242
2820.000	6.000	-12.085	0.242
2830.000	6.000	-12.085	0.242
2840.000	6.000	-12.671	0.240
2850.000	6.000	-12.524	0.244
2860.000	6.000	-12.524	0.244
2870.000	6.000	-12.378	0.242
2880.000	6.000	-12.451	0.241
2890.000	6.000	-12.451	0.241
2900.000	6.000	-12.451	0.242
2910.000	6.000	-12.891	0.242
2920.000	6.000	-12.891	0.242
2930.000	6.000	-12.744	0.238
2940.000	6.000	-13.110	0.242
2950.000	6.000	-13.110	0.242
2960.000	6.000	-12.817	0.239
2970.000	6.000	-12.744	0.236
2980.000	6.000	-12.744	0.236
2990.000	6.000	-13.330	0.236
3000.000	6.000	-13.184	0.235
3010.000	6.000	-13.184	0.235
3020.000	6.000	-13.330	0.239
3030.000	6.000	-13.330	0.236
3040.000	6.000	-13.330	0.236
3050.000	6.000	-13.037	0.234
3060.000	6.000	-13.330	0.235
3070.000	6.000	-13.330	0.235
3080.000	6.000	-13.550	0.236
3090.000	6.000	-13.550	0.238
3100.000	6.000	-13.550	0.238
3110.000	6.000	-13.550	0.236
3120.000	6.000	-13.696	0.236
3130.000	6.000	-13.696	0.236
3140.000	6.000	-13.696	0.236
3150.000	6.000	-13.843	0.235
3160.000	6.000	-13.843	0.235
3170.000	6.000	-13.770	0.236
3180.000	6.000	-13.843	0.233
3190.000	6.000	-13.843	0.233
3200.000	6.000	-13.916	0.235
3210.000	6.000	-13.989	0.234
3220.000	6.000	-13.989	0.234
3230.000	6.000	-14.062	0.238
3240.000	6.000	-14.062	0.238
3250.000	6.000	-14.062	0.238
3260.000	6.000	-14.062	0.238
3270.000	6.000	-14.209	0.234
3280.000	6.000	-14.209	0.234
3290.000	6.000	-14.282	0.238
3300.000	6.000	-14.282	0.239
3310.000	6.000	-14.282	0.239
3320.000	6.000	-14.429	0.239
3330.000	6.000	-14.502	0.239
3340.000	6.000	-14.502	0.239
3350.000	6.000	-14.502	0.240
3360.000	6.000	-14.648	0.241
3370.000	6.000	-14.648	0.241
3380.000	6.000	-14.575	0.241
3390.000	6.000	-14.648	0.241
3400.000	6.000	-14.648	0.241
3410.000	6.000	-14.648	0.241
3420.000	6.000	-14.722	0.241
3430.000	6.000	-14.722	0.241
3440.000	6.000	-14.795	0.242
3450.000	6.000	-14.722	0.242
3460.000	6.000	-14.722	0.242
3470.000	6.000	-15.015	0.240
3480.000	6.000	-14.795	0.241
3490.000	6.000	-14.795	0.241
3500.000	6.000	-15.161	0.241
3510.000	6.000	-15.234	0.242
3520.000	6.000	-14.795	0.242
3530.000	6.000	-15.234	0.238
3540.000	6.000	-15.308	0.240
3550.000	6.000	-14.888	0.239
3560.000	6.000	-15.425	0.234
3570.000	6.000	-15.425	0.238
3580.000	6.000	-15.059	0.240
3590.000	6.000	-15.498	0.238
3600.000	6.000	-15.572	0.236
3610.000	6.000	-15.225	0.236
3620.000	6.000	-15.616	0.238
3630.000	6.000	-15.616	0.238
3640.000	6.000	-15.396	0.238
3650.000	6.000	-15.816	0.236
3660.000	6.000	-15.791	0.236
3670.000	6.000	-15.439	0.236
3680.000	6.000	-15.829	0.235
3690.000	6.000	-15.756	0.235
3700.000	6.000	-15.470	0.235
3710.000	6.000	-16.076	0.236
3720.000	6.000	-16.125	0.236
3730.000	6.000	-15.779	0.236
3740.000	6.000	-16.104	0.235
3750.000	6.000	-16.251	0.234
3760.000	6.000	-15.765	0.236
3770.000	6.000	-16.386	0.236
3780.000	6.000	-16.508	0.235
3790.000	6.000	-16.029	0.235
3800.000	6.000	-16.502	0.236
3810.000	6.000	-16.462	0.238
3820.000	6.000	-16.036	0.240
3830.000	6.000	-16.561	0.241
3840.000	6.000	-16.602	0.238
3850.000	6.000	-16.235	0.239
3860.000	6.000	-16.746	0.238
3870.000	6.000	-16.624	0.240
3880.000	6.000	-16.391	0.241
3890.000	6.000	-17.212	0.240
3900.000	6.000	-16.805	0.242
3910.000	6.000	-16.505	0.240
3920.000	6.000	-17.208	0.240
3930.000	6.000	-16.883	0.241
3940.000	6.000	-16.716	0.241
3950.000	6.000	-17.367	0.241
3960.000	6.000	-17.123	0.241
3970.000	6.000	-16.977	0.242
3980.000	6.000	-17.210	0.241
3990.000	6.000	-17.014	0.244
4000.000	6.000	-17.454	0.239
4010.000	6.000	-17.387	0.239
4020.000	6.000	-17.184	0.240
4030.000	6.000	-17.583	0.239
4040.000	6.000	-17.790	0.240
4050.000	6.000	-17.432	0.238
4060.000	6.000	-17.725	0.235
4070.000	6.000	-17.725	0.236
4080.000	6.000	-17.799	0.235
4090.000	6.000	-17.506	0.238
4100.000	6.000	-17.717	0.235
4110.000	6.000	-18.230	0.240
4120.000	6.000	-18.083	0.235
4130.000	6.000	-17.977	0.235
4140.000	6.000	-17.863	0.236
4150.000	6.000	-17.969	0.235
4160.000	6.000	-18.409	0.235
4170.000	6.000	-18.409	0.236
4180.000	6.000	-18.409	0.238
4190.000	6.000	-18.702	0.238
4200.000	6.000	-18.637	0.236
4210.000	6.000	-18.524	0.236
4220.000	6.000	-18.711	0.238
4230.000	6.000	-18.857	0.236
4240.000	6.000	-18.931	0.239
4250.000	6.000	-19.044	0.238
4260.000	6.000	-18.897	0.238
4270.000	6.000	-18.877	0.235
4280.000	6.000	-19.170	0.240
4290.000	6.000	-19.097	0.239
4300.000	6.000	-19.097	0.240
4310.000	6.000	-19.283	0.240
4320.000	6.000	-19.316	0.239
4330.000	6.000	-19.409	0.239
4340.000	6.000	-19.613	0.241
4350.000	6.000	-19.759	0.240
4360.000	6.000	-19.466	0.241
4370.000	6.000	-19.852	0.241
4380.000	6.000	-19.779	0.241
4390.000	6.000	-20.025	0.239
4400.000	6.000	-20.115	0.245
4410.000	6.000	-20.408	0.242
4420.000	6.000	-20.241	0.240
4430.000	6.000	-20.477	0.242
4440.000	6.000	-20.331	0.242
4450.000	6.000	-20.331	0.242
4460.000	6.000	-20.624	0.239
4470.000	6.000	-20.844	0.239
4480.000	6.000	-20.844	0.239
4490.000	6.000	-21.110	0.239
4500.000	6.000	-21.094	0.235
4510.000	6.000	-21.094	0.235
4520.000	6.000	-20.874	0.238
4530.000	6.000	-21.021	0.236
4540.000	6.000	-21.021	0.236
4550.000	6.000	-21.313	0.239
4560.000	6.000	-21.606	0.236
4570.000	6.000	-21.606	0.236
4580.000	6.000	-21.533	0.238
4590.000	6.000	-21.899	0.238
4600.000	6.000	-21.899	0.238
4610.000	6.000	-21.973	0.235
4620.000	6.000	-21.973	0.236
4630.000	6.000	-21.973	0.236
4640.000	6.000	-22.559	0.235
4650.000	6.000	-22.778	0.236
4660.000	6.000	-22.778	0.236
4670.000	6.000	-22.559	0.235
4680.000	6.000	-23.071	0.236
4690.000	6.000	-23.071	0.236
4700.000	6.000	-23.145	0.238
4710.000	6.000	-23.145	0.240
4720.000	6.000	-23.145	0.240
4730.000	6.000	-23.364	0.240
4740.000	6.000	-23.364	0.239
4750.000	6.000	-23.364	0.239
4760.000	6.000	-23.511	0.240
4770.000	6.000	-23.804	0.240
4780.000	6.000	-23.804	0.240
4790.000	6.000	-23.730	0.241
4800.000	6.000	-24.243	0.241
4810.000	6.000	-24.243	0.241
4820.000	6.000	-24.170	0.242
4830.000	6.000	-24.316	0.241
4840.000	6.000	-24.316	0.241
4850.000	6.000	-24.902	0.240
4860.000	6.000	-24.976	0.240
4870.000	6.000	-24.976	0.240
4880.000	6.000	-25.049	0.238
4890.000	6.000	-25.269	0.241
4900.000	6.000	-25.269	0.241
4910.000	6.000	-25.488	0.240
4920.000	6.000	-25.781	0.236
4930.000	6.000	-25.781	0.236
4940.000	6.000	-25.854	0.239
4950.000	6.000	-26.440	0.238
4960.000	6.000	-26.440	0.238
4970.000	6.000	-26.001	0.236
4980.000	6.000	-26.294	0.236
4990.000	6.000	-26.294	0.236
5000.000	6.000	-26.587	0.235
5010.000	6.000	-26.807	0.235
5020.000	6.000	-26.807	0.235
5030.000	6.000	-27.246	0.235
5040.000	6.000	-27.246	0.238
5050.000	6.000	-27.246	0.238
5060.000	6.000	-27.026	0.236
5070.000	6.000	-27.539	0.238
5080.000	6.000	-27.539	0.238
5090.000	6.000	-27.686	0.240
5100.000	6.000	-27.832	0.239
5110.000	6.000	-27.652	0.239
5120.000	6.000	-27.962	0.239
5130.000	6.000	-28.181	0.239
5140.000	6.000	-28.088	0.238
5150.000	6.000	-28.316	0.241
5160.000	6.000	-28.536	0.241
5170.000	6.000	-28.496	0.241
5180.000	6.000	-28.837	0.241
5190.000	6.000	-28.837	0.241
5200.000	6.000	-28.651	0.241
5210.000	6.000	-29.539	0.240
5220.000	6.000	-29.303	0.240
5230.000	6.000	-28.743	0.242
5240.000	6.000	-29.520	0.239
5250.000	6.000	-29.512	0.239
5260.000	6.000	-29.439	0.239
5270.000	6.000	-29.853	0.238
5280.000	6.000	-29.365	0.238
5290.000	6.000	-29.711	0.236
5300.000	6.000	-30.044	0.236
5310.000	6.000	-29.556	0.235
5320.000	6.000	-29.829	0.236
5330.000	6.000	-30.177	0.236
5340.000	6.000	-30.006	0.234
5350.000	6.000	-30.132	0.236
5360.000	6.000	-30.214	0.235
5370.000	6.000	-30.279	0.235
5380.000	6.000	-30.345	0.238
5390.000	6.000	-30.390	0.236
5400.000	6.000	-30.536	0.235
5410.000	6.000	-30.469	0.236
5420.000	6.000	-30.677	0.236
5430.000	6.000	-30.815	0.238
5440.000	6.000	-30.675	0.239
5450.000	6.000	-30.882	0.238
5460.000	6.000	-31.094	0.240
5470.000	6.000	-30.881	0.239
5480.000	6.000	-31.303	0.239
5490.000	6.000	-31.351	0.240
5500.000	6.000	-31.138	0.242
5510.000	6.000	-31.775	0.241
5520.000	6.000	-31.587	0.241
5530.000	6.000	-31.368	0.241
5540.000	6.000	-31.841	0.240
5550.000	6.000	-31.654	0.244
5560.000	6.000	-31.494	0.241
5570.000	6.000	-31.968	0.241
5580.000	6.000	-31.626	0.239
5590.000	6.000	-31.599	0.239
5600.000	6.000	-31.991	0.241
5610.000	6.000	-31.568	0.239
5620.000	6.000	-31.681	0.235
5630.000	6.000	-31.925	0.239
5640.000	6.000	-31.738	0.238
5650.000	6.000	-32.178	0.238
5660.000	6.000	-32.045	0.235
5670.000	6.000	-31.857	0.235
5680.000	6.000	-32.370	0.239
5690.000	6.000	-32.031	0.235
5700.000	6.000	-31.998	0.236
5710.000	6.000	-32.184	0.239
5720.000	6.000	-32.177	0.233
5730.000	6.000	-32.372	0.238
5740.000	6.000	-32.519	0.235
5750.000	6.000	-32.079	0.235
5760.000	6.000	-32.446	0.236
5770.000	6.000	-32.292	0.239
5780.000	6.000	-32.528	0.240
5790.000	6.000	-32.675	0.240
5800.000	6.000	-32.675	0.241
5810.000	6.000	-32.855	0.240
5820.000	6.000	-32.676	0.239
5830.000	6.000	-32.436	0.242
5840.000	6.000	-32.721	0.239
5850.000	6.000	-32.794	0.240
5860.000	6.000	-32.867	0.240
5870.000	6.000	-32.947	0.242
5880.000	6.000	-32.711	0.239
5890.000	6.000	-32.571	0.241
5900.000	6.000	-32.848	0.241
5910.000	6.000	-32.994	0.238
5920.000	6.000	-32.781	0.239
5930.000	6.000	-33.314	0.238
5940.000	6.000	-33.103	0.238
5950.000	6.000	-32.876	0.236
5960.000	6.000	-33.169	0.238
5970.000	6.000	-33.316	0.235
5980.000	6.000	-32.989	0.236
5990.000	6.000	-33.544	0.239
6000.000	6.000	-33.267	0.236
6010.000	6.000	-32.941	0.236
6020.000	6.000	-33.659	0.238
6030.000	6.000	-33.293	0.235
6040.000	6.000	-32.920	0.236
6050.000	6.000	-33.911	0.197
6060.000	6.000	-33.252	0.146
6070.000	6.000	-33.159	0.107
6080.000	6.000	-33.721	0.078
6090.000	6.000	-33.379	0.059
6100.000	6.000	-33.419	0.046
6110.000	6.000	-33.575	0.032
6120.000	6.000	-33.436	0.026
6130.000	6.000	-33.137	0.020
6140.000	6.000	-33.640	0.017
6150.000	6.000	-33.168	0.013
6160.000	6.000	-33.094	0.012
6170.000	6.000	-33.464	0.009
6180.000	6.000	-33.009	0.008
6190.000	6.000	-32.862	0.008
6200.000	6.000	-33.180	0.006
6210.000	6.000	-32.912	0.004
6220.000	6.000	-32.732	0.004
6230.000	6.000	-33.154	0.006
6240.000	6.000	-32.804	0.006
6250.000	6.000	-32.617	0.002
6260.000	6.000	-32.780	0.002
6270.000	6.000	-32.430	0.002
6280.000	6.000	-32.323	0.002
6290.000	6.000	-32.649	-0.000
6300.000	6.000	-32.291	-0.000
6310.000	6.000	-32.338	0.001
6320.000	6.000	-32.412	0.001
6330.000	6.000	-32.289	-0.002
6340.000	6.000	-32.136	-0.000
6350.000	6.000	-32.144	-0.000
6360.000	6.000	-32.420	-0.000
6370.000	6.000	-32.068	0.002
6380.000	6.000	-32.223	0.003
6390.000	6.000	-32.190	-0.000
6400.000	6.000	-31.831	0.003
6410.000	6.000	-32.134	0.003
6420.000	6.000	-32.020	0.007
6430.000	6.000	-31.587	0.006
6440.000	6.000	-32.253	0.006
6450.000	6.000	-31.993	0.006
6460.000	6.000	-31.420	0.006
6470.000	6.000	-32.367	0.006
6480.000	6.000	-32.025	0.004
6490.000	6.000	-31.533	0.004
6500.000	6.000	-32.332	0.003
6510.000	6.000	-31.908	0.003
6520.000	6.000	-31.416	0.002
6530.000	6.000	-32.215	0.001
6540.000	6.000	-31.629	0.001
6550.000	6.000	-31.283	0.001
6560.000	6.000	-32.148	-0.002
6570.000	6.000	-31.481	-0.002
6580.000	6.000	-31.261	0.001
6590.000	6.000	-31.974	0.001
6600.000	6.000	-31.388	-0.000
6610.000	6.000	-31.168	-0.000
6620.000	6.000	-31.807	-0.000
6630.000	6.000	-31.148	-0.002
6640.000	6.000	-30.868	0.003
6650.000	6.000	-31.719	0.003
6660.000	6.000	-31.133	0.004
6670.000	6.000	-31.060	0.004
6680.000	6.000	-31.426	0.004
6690.000	6.000	-31.133	0.004
6700.000	6.000	-30.987	0.006
6710.000	6.000	-31.353	0.004
6720.000	6.000	-31.060	0.006
6730.000	6.000	-31.060	0.006
6740.000	6.000	-31.486	0.003
6750.000	6.000	-30.908	0.004
6760.000	6.000	-30.908	0.004
6770.000	6.000	-31.055	0.004
6780.000	6.000	-30.908	0.002
6790.000	6.000	-31.128	0.002
6800.000	6.000	-31.055	0.001
6810.000	6.000	-30.981	-0.000
6820.000	6.000	-31.128	0.001
6830.000	6.000	-31.128	0.001
6840.000	6.000	-31.055	0.001
6850.000	6.000	-31.128	-0.000
6860.000	6.000	-31.128	-0.000
6870.000	6.000	-31.055	-0.002
6880.000	6.000	-31.055	-0.002
6890.000	6.000	-30.981	0.001
6900.000	6.000	-31.055	-0.000
6910.000	6.000	-30.835	0.002
6920.000	6.000	-31.087	0.004
6930.000	6.000	-31.160	0.004
6940.000	6.000	-31.087	0.007
6950.000	6.000	-31.014	0.004
6960.000	6.000	-31.160	0.006
6970.000	6.000	-30.941	0.008
6980.000	6.000	-30.965	0.006
6990.000	6.000	-31.258	0.002
7000.000	6.000	-31.185	0.003
7010.000	6.000	-31.112	0.004
7020.000	6.000	-31.079	0.004
