%Time [ms]	Commanded Torque [mNm]	Angular Velocity [RPM]	Actual Current [Amp]	%2/10/20261:34 PM
0.000	0.000	0.000	0.000
20.000	4.000	0.000	0.004
30.000	4.000	0.000	0.004
40.000	4.000	0.000	0.007
50.000	4.000	0.000	0.006
60.000	4.000	0.000	0.006
70.000	4.000	0.000	0.004
80.000	4.000	0.000	0.004
90.000	4.000	0.000	0.006
100.000	4.000	0.000	0.006
110.000	4.000	0.000	0.006
120.000	4.000	0.000	0.006
130.000	4.000	0.000	0.004
140.000	4.000	0.000	0.006
150.000	4.000	0.000	0.003
160.000	4.000	0.000	0.006
170.000	4.000	0.000	0.004
180.000	4.000	0.000	0.007
190.000	4.000	0.000	0.007
200.000	4.000	0.000	0.004
210.000	4.000	0.000	0.006
220.000	4.000	0.000	0.003
230.000	4.000	0.000	0.003
240.000	4.000	0.000	0.004
250.000	4.000	0.000	0.006
260.000	4.000	0.000	0.006
270.000	4.000	0.000	0.007
280.000	4.000	0.000	0.006
290.000	4.000	0.000	0.006
300.000	4.000	0.000	0.006
310.000	4.000	0.000	0.004
320.000	4.000	0.000	0.004
330.000	4.000	0.000	0.006
340.000	4.000	0.000	0.006
350.000	4.000	0.000	0.004
360.000	4.000	0.000	0.004
370.000	4.000	0.000	0.007
380.000	4.000	0.000	0.006
390.000	4.000	0.000	0.007
400.000	4.000	0.000	0.006
410.000	4.000	0.000	0.006
420.000	4.000	0.000	0.007
430.000	4.000	0.000	0.004
440.000	4.000	0.000	0.006
450.000	4.000	0.000	0.006
460.000	4.000	0.000	0.004
470.000	4.000	0.000	0.006
480.000	4.000	0.000	0.006
490.000	4.000	0.000	0.006
500.000	4.000	0.000	0.003
510.000	4.000	0.000	0.006
520.000	4.000	0.000	0.006
530.000	4.000	0.000	0.004
540.000	4.000	0.000	0.004
550.000	4.000	0.000	0.006
560.000	4.000	0.000	0.004
570.000	4.000	0.000	0.006
580.000	4.000	0.000	0.004
590.000	4.000	0.000	0.004
600.000	4.000	0.000	0.004
610.000	4.000	0.000	0.006
620.000	4.000	0.000	0.004
630.000	4.000	0.000	0.007
640.000	4.000	0.000	0.003
650.000	4.000	0.000	0.007
660.000	4.000	0.000	0.003
670.000	4.000	0.000	0.004
680.000	4.000	0.000	0.006
690.000	4.000	0.000	0.006
700.000	4.000	0.000	0.006
710.000	4.000	0.000	0.006
720.000	4.000	0.000	0.004
730.000	4.000	0.000	0.004
740.000	4.000	0.000	0.004
750.000	4.000	0.000	0.006
760.000	4.000	0.000	0.007
770.000	4.000	0.000	0.008
780.000	4.000	0.000	0.009
790.000	4.000	0.000	0.006
800.000	4.000	0.000	0.003
810.000	4.000	0.000	0.004
820.000	4.000	0.000	0.004
830.000	4.000	0.000	0.006
840.000	4.000	0.000	0.004
850.000	4.000	0.000	0.004
860.000	4.000	0.000	0.008
870.000	4.000	0.000	0.004
880.000	4.000	0.000	0.006
890.000	4.000	0.000	0.007
900.000	4.000	0.000	0.008
910.000	4.000	0.000	0.006
920.000	4.000	0.000	0.006
930.000	4.000	0.000	0.004
940.000	4.000	0.000	0.004
950.000	4.000	0.000	0.004
960.000	4.000	0.000	0.006
970.000	4.000	0.000	0.006
980.000	4.000	0.000	0.006
990.000	4.000	0.000	0.004
1000.000	4.000	0.000	0.006
1010.000	4.000	0.000	0.006
1020.000	4.000	0.000	0.004
1030.000	4.000	0.000	0.014
1040.000	4.000	0.000	0.014
1050.000	4.000	0.000	0.052
1060.000	4.000	-0.073	0.103
1070.000	4.000	-0.073	0.103
1080.000	4.000	-0.073	0.117
1090.000	4.000	-0.220	0.137
1100.000	4.000	-0.220	0.137
1110.000	4.000	-0.220	0.145
1120.000	4.000	-0.366	0.151
1130.000	4.000	-0.366	0.151
1140.000	4.000	-0.439	0.156
1150.000	4.000	-0.513	0.158
1160.000	4.000	-0.513	0.158
1170.000	4.000	-0.586	0.161
1180.000	4.000	-0.586	0.159
1190.000	4.000	-0.646	0.161
1200.000	4.000	-0.654	0.159
1210.000	4.000	-0.727	0.156
1220.000	4.000	-0.727	0.164
1230.000	4.000	-0.727	0.163
1240.000	4.000	-0.727	0.162
1250.000	4.000	-0.721	0.163
1260.000	4.000	-0.810	0.163
1270.000	4.000	-0.810	0.162
1280.000	4.000	-0.883	0.162
1290.000	4.000	-0.897	0.161
1300.000	4.000	-0.962	0.161
1310.000	4.000	-1.022	0.161
1320.000	4.000	-1.111	0.162
1330.000	4.000	-1.184	0.162
1340.000	4.000	-1.258	0.163
1350.000	4.000	-1.338	0.162
1360.000	4.000	-1.321	0.161
1370.000	4.000	-1.321	0.161
1380.000	4.000	-1.395	0.157
1390.000	4.000	-1.248	0.156
1400.000	4.000	-1.248	0.156
1410.000	4.000	-1.188	0.156
1420.000	4.000	-1.025	0.156
1430.000	4.000	-1.025	0.156
1440.000	4.000	-0.952	0.157
1450.000	4.000	-0.806	0.159
1460.000	4.000	-0.806	0.159
1470.000	4.000	-0.806	0.156
1480.000	4.000	-0.806	0.158
1490.000	4.000	-0.806	0.158
1500.000	4.000	-0.806	0.157
1510.000	4.000	-0.806	0.156
1520.000	4.000	-0.806	0.156
1530.000	4.000	-0.806	0.157
1540.000	4.000	-0.879	0.155
1550.000	4.000	-0.879	0.157
1560.000	4.000	-0.952	0.157
1570.000	4.000	-1.099	0.158
1580.000	4.000	-1.099	0.158
1590.000	4.000	-1.025	0.161
1600.000	4.000	-1.099	0.157
1610.000	4.000	-1.099	0.157
1620.000	4.000	-1.172	0.156
1630.000	4.000	-1.099	0.156
1640.000	4.000	-1.099	0.156
1650.000	4.000	-1.099	0.159
1660.000	4.000	-1.025	0.159
1670.000	4.000	-1.025	0.159
1680.000	4.000	-0.952	0.161
1690.000	4.000	-0.952	0.162
1700.000	4.000	-0.939	0.162
1710.000	4.000	-0.947	0.162
1720.000	4.000	-0.947	0.162
1730.000	4.000	-0.947	0.162
1740.000	4.000	-1.020	0.163
1750.000	4.000	-1.020	0.162
1760.000	4.000	-1.007	0.162
1770.000	4.000	-1.096	0.162
1780.000	4.000	-1.170	0.161
1790.000	4.000	-1.243	0.162
1800.000	4.000	-1.256	0.162
1810.000	4.000	-1.321	0.161
1820.000	4.000	-1.308	0.162
1830.000	4.000	-1.316	0.162
1840.000	4.000	-1.316	0.162
1850.000	4.000	-1.316	0.162
1860.000	4.000	-1.256	0.163
1870.000	4.000	-1.167	0.162
1880.000	4.000	-1.167	0.162
1890.000	4.000	-1.093	0.163
1900.000	4.000	-0.947	0.162
1910.000	4.000	-0.960	0.163
1920.000	4.000	-0.960	0.163
1930.000	4.000	-0.879	0.162
1940.000	4.000	-0.879	0.162
1950.000	4.000	-0.952	0.163
1960.000	4.000	-1.025	0.162
1970.000	4.000	-1.025	0.162
1980.000	4.000	-1.025	0.163
1990.000	4.000	-1.245	0.163
2000.000	4.000	-1.245	0.163
2010.000	4.000	-1.318	0.162
2020.000	4.000	-1.318	0.163
2030.000	4.000	-1.318	0.163
2040.000	4.000	-1.392	0.162
2050.000	4.000	-1.465	0.161
2060.000	4.000	-1.465	0.161
2070.000	4.000	-1.392	0.163
2080.000	4.000	-1.392	0.161
2090.000	4.000	-1.392	0.161
2100.000	4.000	-1.318	0.163
2110.000	4.000	-1.318	0.162
2120.000	4.000	-1.372	0.163
2130.000	4.000	-1.461	0.162
2140.000	4.000	-1.608	0.162
2150.000	4.000	-1.661	0.163
2160.000	4.000	-1.759	0.162
2170.000	4.000	-1.832	0.161
2180.000	4.000	-1.818	0.159
2190.000	4.000	-1.835	0.163
2200.000	4.000	-1.835	0.161
2210.000	4.000	-1.821	0.161
2220.000	4.000	-1.784	0.159
2230.000	4.000	-1.768	0.159
2240.000	4.000	-1.608	0.157
2250.000	4.000	-1.490	0.159
2260.000	4.000	-1.466	0.156
2270.000	4.000	-1.452	0.157
2280.000	4.000	-1.563	0.156
2290.000	4.000	-1.620	0.156
2300.000	4.000	-1.673	0.157
2310.000	4.000	-1.703	0.156
2320.000	4.000	-1.760	0.157
2330.000	4.000	-1.747	0.158
2340.000	4.000	-1.776	0.157
2350.000	4.000	-1.841	0.156
2360.000	4.000	-1.755	0.156
2370.000	4.000	-1.784	0.157
2380.000	4.000	-1.687	0.158
2390.000	4.000	-1.667	0.161
2400.000	4.000	-1.630	0.161
2410.000	4.000	-1.760	0.159
2420.000	4.000	-1.740	0.159
2430.000	4.000	-1.851	0.161
2440.000	4.000	-1.908	0.162
2450.000	4.000	-1.895	0.162
2460.000	4.000	-1.924	0.161
2470.000	4.000	-1.835	0.163
2480.000	4.000	-1.821	0.163
2490.000	4.000	-1.703	0.162
2500.000	4.000	-1.687	0.161
2510.000	4.000	-1.460	0.162
2520.000	4.000	-1.423	0.161
2530.000	4.000	-1.253	0.162
2540.000	4.000	-1.166	0.162
2550.000	4.000	-1.114	0.162
2560.000	4.000	-1.098	0.159
2570.000	4.000	-1.158	0.162
2580.000	4.000	-1.187	0.161
2590.000	4.000	-1.326	0.161
2600.000	4.000	-1.312	0.162
2610.000	4.000	-1.409	0.163
2620.000	4.000	-1.319	0.159
2630.000	4.000	-1.379	0.161
2640.000	4.000	-1.327	0.164
2650.000	4.000	-1.392	0.162
2660.000	4.000	-1.312	0.161
2670.000	4.000	-1.261	0.161
2680.000	4.000	-1.244	0.161
2690.000	4.000	-1.091	0.162
2700.000	4.000	-1.039	0.162
2710.000	4.000	-1.023	0.162
2720.000	4.000	-1.017	0.164
2730.000	4.000	-0.965	0.162
2740.000	4.000	-1.030	0.161
2750.000	4.000	-1.017	0.163
2760.000	4.000	-1.031	0.162
2770.000	4.000	-1.096	0.162
2780.000	4.000	-1.083	0.158
2790.000	4.000	-1.244	0.157
2800.000	4.000	-1.244	0.156
2810.000	4.000	-1.251	0.159
2820.000	4.000	-1.251	0.159
2830.000	4.000	-1.243	0.159
2840.000	4.000	-1.256	0.157
2850.000	4.000	-1.248	0.158
2860.000	4.000	-1.175	0.156
2870.000	4.000	-1.175	0.156
2880.000	4.000	-1.115	0.156
2890.000	4.000	-1.025	0.156
2900.000	4.000	-1.012	0.158
2910.000	4.000	-0.947	0.158
2920.000	4.000	-0.947	0.161
2930.000	4.000	-0.874	0.159
2940.000	4.000	-0.947	0.158
2950.000	4.000	-0.874	0.163
2960.000	4.000	-0.947	0.161
2970.000	4.000	-1.020	0.162
2980.000	4.000	-1.020	0.162
2990.000	4.000	-1.147	0.162
3000.000	4.000	-1.258	0.162
3010.000	4.000	-1.323	0.162
3020.000	4.000	-1.449	0.161
3030.000	4.000	-1.539	0.162
3040.000	4.000	-1.539	0.162
3050.000	4.000	-1.599	0.163
3060.000	4.000	-1.615	0.162
3070.000	4.000	-1.615	0.162
3080.000	4.000	-1.675	0.162
3090.000	4.000	-1.638	0.162
3100.000	4.000	-1.614	0.163
3110.000	4.000	-1.667	0.162
3120.000	4.000	-1.711	0.163
3130.000	4.000	-1.841	0.161
3140.000	4.000	-1.895	0.162
3150.000	4.000	-2.006	0.163
3160.000	4.000	-1.989	0.163
3170.000	4.000	-2.063	0.162
3180.000	4.000	-2.076	0.161
3190.000	4.000	-2.060	0.161
3200.000	4.000	-1.973	0.162
3210.000	4.000	-1.936	0.161
3220.000	4.000	-1.838	0.163
3230.000	4.000	-1.765	0.163
3240.000	4.000	-1.712	0.161
3250.000	4.000	-1.761	0.159
3260.000	4.000	-1.881	0.161
3270.000	4.000	-1.905	0.157
3280.000	4.000	-1.978	0.158
3290.000	4.000	-2.052	0.158
3300.000	4.000	-2.065	0.156
3310.000	4.000	-2.122	0.156
3320.000	4.000	-2.108	0.157
3330.000	4.000	-2.133	0.158
3340.000	4.000	-2.206	0.156
3350.000	4.000	-2.206	0.158
3360.000	4.000	-2.233	0.159
3370.000	4.000	-2.208	0.159
3380.000	4.000	-2.188	0.158
3390.000	4.000	-2.131	0.158
3400.000	4.000	-2.131	0.159
3410.000	4.000	-2.058	0.162
3420.000	4.000	-2.071	0.162
3430.000	4.000	-1.974	0.162
3440.000	4.000	-1.887	0.163
3450.000	4.000	-1.757	0.162
3460.000	4.000	-1.611	0.161
3470.000	4.000	-1.537	0.161
3480.000	4.000	-1.484	0.162
3490.000	4.000	-1.614	0.161
3500.000	4.000	-1.668	0.163
3510.000	4.000	-1.765	0.163
3520.000	4.000	-1.838	0.163
3530.000	4.000	-1.825	0.162
3540.000	4.000	-1.936	0.163
3550.000	4.000	-1.920	0.163
3560.000	4.000	-1.973	0.161
3570.000	4.000	-1.989	0.163
3580.000	4.000	-2.063	0.163
3590.000	4.000	-1.969	0.163
3600.000	4.000	-2.095	0.163
3610.000	4.000	-2.144	0.163
3620.000	4.000	-2.191	0.163
3630.000	4.000	-2.302	0.161
3640.000	4.000	-2.204	0.162
3650.000	4.000	-2.257	0.162
3660.000	4.000	-2.220	0.163
3670.000	4.000	-2.204	0.159
3680.000	4.000	-2.117	0.159
3690.000	4.000	-2.162	0.158
3700.000	4.000	-2.056	0.155
3710.000	4.000	-2.029	0.158
3720.000	4.000	-2.089	0.157
3730.000	4.000	-2.137	0.157
3740.000	4.000	-2.191	0.157
3750.000	4.000	-2.235	0.157
3760.000	4.000	-2.292	0.158
3770.000	4.000	-2.365	0.158
3780.000	4.000	-2.452	0.158
3790.000	4.000	-2.501	0.162
3800.000	4.000	-2.547	0.161
3810.000	4.000	-2.688	0.159
3820.000	4.000	-2.655	0.163
3830.000	4.000	-2.582	0.161
3840.000	4.000	-2.529	0.162
3850.000	4.000	-2.504	0.161
3860.000	4.000	-2.418	0.163
3870.000	4.000	-2.361	0.162
3880.000	4.000	-2.361	0.162
3890.000	4.000	-2.288	0.164
3900.000	4.000	-2.241	0.162
3910.000	4.000	-2.054	0.162
3920.000	4.000	-2.094	0.164
3930.000	4.000	-2.118	0.163
3940.000	4.000	-2.265	0.161
3950.000	4.000	-2.265	0.164
3960.000	4.000	-2.278	0.162
3970.000	4.000	-2.335	0.162
3980.000	4.000	-2.381	0.161
3990.000	4.000	-2.406	0.162
4000.000	4.000	-2.552	0.161
4010.000	4.000	-2.666	0.162
4020.000	4.000	-2.658	0.161
4030.000	4.000	-2.634	0.161
4040.000	4.000	-2.541	0.163
4050.000	4.000	-2.484	0.161
4060.000	4.000	-2.557	0.158
4070.000	4.000	-2.537	0.156
4080.000	4.000	-2.515	0.158
4090.000	4.000	-2.563	0.158
4100.000	4.000	-2.530	0.158
4110.000	4.000	-2.523	0.158
4120.000	4.000	-2.490	0.157
4130.000	4.000	-2.537	0.156
4140.000	4.000	-2.581	0.158
4150.000	4.000	-2.711	0.156
4160.000	4.000	-2.825	0.159
4170.000	4.000	-3.032	0.158
4180.000	4.000	-3.227	0.161
4190.000	4.000	-3.200	0.161
4200.000	4.000	-3.193	0.162
4210.000	4.000	-3.087	0.161
4220.000	4.000	-2.994	0.163
4230.000	4.000	-2.972	0.163
4240.000	4.000	-3.021	0.162
4250.000	4.000	-3.021	0.162
4260.000	4.000	-3.127	0.163
4270.000	4.000	-3.013	0.159
4280.000	4.000	-2.907	0.162
4290.000	4.000	-2.885	0.162
4300.000	4.000	-2.852	0.162
4310.000	4.000	-2.998	0.162
4320.000	4.000	-3.238	0.162
4330.000	4.000	-3.507	0.162
4340.000	4.000	-3.480	0.162
4350.000	4.000	-3.513	0.164
4360.000	4.000	-3.293	0.163
4370.000	4.000	-3.293	0.162
4380.000	4.000	-3.302	0.161
4390.000	4.000	-3.448	0.159
4400.000	4.000	-3.448	0.157
4410.000	4.000	-3.448	0.157
4420.000	4.000	-3.155	0.157
4430.000	4.000	-3.155	0.157
4440.000	4.000	-3.182	0.156
4450.000	4.000	-3.442	0.157
4460.000	4.000	-3.442	0.157
4470.000	4.000	-3.662	0.156
4480.000	4.000	-3.662	0.161
4490.000	4.000	-3.662	0.161
4500.000	4.000	-3.442	0.159
4510.000	4.000	-3.296	0.159
4520.000	4.000	-3.296	0.159
4530.000	4.000	-3.296	0.162
4540.000	4.000	-3.442	0.161
4550.000	4.000	-3.409	0.161
4560.000	4.000	-3.295	0.162
4570.000	4.000	-3.149	0.162
4580.000	4.000	-3.122	0.163
4590.000	4.000	-3.317	0.163
4600.000	4.000	-3.610	0.161
4610.000	4.000	-3.717	0.163
4620.000	4.000	-3.823	0.161
4630.000	4.000	-3.676	0.162
4640.000	4.000	-3.503	0.162
4650.000	4.000	-3.414	0.162
4660.000	4.000	-3.455	0.161
4670.000	4.000	-3.488	0.161
4680.000	4.000	-3.710	0.163
4690.000	4.000	-3.515	0.162
4700.000	4.000	-3.335	0.162
4710.000	4.000	-3.343	0.163
4720.000	4.000	-3.383	0.161
4730.000	4.000	-3.630	0.161
4740.000	4.000	-3.852	0.157
4750.000	4.000	-3.900	0.155
4760.000	4.000	-3.800	0.155
4770.000	4.000	-3.645	0.156
4780.000	4.000	-3.450	0.156
4790.000	4.000	-3.423	0.157
4800.000	4.000	-3.497	0.157
4810.000	4.000	-3.530	0.158
4820.000	4.000	-3.496	0.161
4830.000	4.000	-3.356	0.159
4840.000	4.000	-3.234	0.158
4850.000	4.000	-3.274	0.159
4860.000	4.000	-3.577	0.162
4870.000	4.000	-3.772	0.159
4880.000	4.000	-3.812	0.162
4890.000	4.000	-3.871	0.162
4900.000	4.000	-3.758	0.162
4910.000	4.000	-3.584	0.162
4920.000	4.000	-3.577	0.163
4930.000	4.000	-3.764	0.163
4940.000	4.000	-3.797	0.162
4950.000	4.000	-3.871	0.162
4960.000	4.000	-3.668	0.163
4970.000	4.000	-3.561	0.161
4980.000	4.000	-3.798	0.161
4990.000	4.000	-4.059	0.163
5000.000	4.000	-4.099	0.163
5010.000	4.000	-4.158	0.162
5020.000	4.000	-4.125	0.159
5030.000	4.000	-3.879	0.161
5040.000	4.000	-3.886	0.162
5050.000	4.000	-3.919	0.156
5060.000	4.000	-4.019	0.157
5070.000	4.000	-4.093	0.156
5080.000	4.000	-3.816	0.157
5090.000	4.000	-3.563	0.158
5100.000	4.000	-3.800	0.156
5110.000	4.000	-4.060	0.157
5120.000	4.000	-4.100	0.159
5130.000	4.000	-4.241	0.159
5140.000	4.000	-4.053	0.161
5150.000	4.000	-3.947	0.159
5160.000	4.000	-3.969	0.162
5170.000	4.000	-4.148	0.161
5180.000	4.000	-4.255	0.162
5190.000	4.000	-4.051	0.163
5200.000	4.000	-3.905	0.162
5210.000	4.000	-4.158	0.161
5220.000	4.000	-4.264	0.163
5230.000	4.000	-4.337	0.162
5240.000	4.000	-4.337	0.162
5250.000	4.000	-4.297	0.162
5260.000	4.000	-4.028	0.162
5270.000	4.000	-4.028	0.162
5280.000	4.000	-4.175	0.162
5290.000	4.000	-4.175	0.162
5300.000	4.000	-4.175	0.162
5310.000	4.000	-4.102	0.162
5320.000	4.000	-3.955	0.158
5330.000	4.000	-3.955	0.158
5340.000	4.000	-4.175	0.157
5350.000	4.000	-4.248	0.158
5360.000	4.000	-4.248	0.158
5370.000	4.000	-4.175	0.156
5380.000	4.000	-4.028	0.159
5390.000	4.000	-4.028	0.159
5400.000	4.000	-4.175	0.158
5410.000	4.000	-4.175	0.158
5420.000	4.000	-4.175	0.158
5430.000	4.000	-4.028	0.159
5440.000	4.000	-4.321	0.162
5450.000	4.000	-4.321	0.162
5460.000	4.000	-4.321	0.162
5470.000	4.000	-4.248	0.168
5480.000	4.000	-4.248	0.168
5490.000	4.000	-4.175	0.161
5500.000	4.000	-4.248	0.162
5510.000	4.000	-4.248	0.162
5520.000	4.000	-4.321	0.161
5530.000	4.000	-4.102	0.162
5540.000	4.000	-4.102	0.163
5550.000	4.000	-4.321	0.163
5560.000	4.000	-4.468	0.162
5570.000	4.000	-4.468	0.162
5580.000	4.000	-4.541	0.161
5590.000	4.000	-4.468	0.161
5600.000	4.000	-4.468	0.161
5610.000	4.000	-4.468	0.158
5620.000	4.000	-4.614	0.158
5630.000	4.000	-4.614	0.158
5640.000	4.000	-4.687	0.157
5650.000	4.000	-4.614	0.159
5660.000	4.000	-4.614	0.159
5670.000	4.000	-4.614	0.159
5680.000	4.000	-4.614	0.159
5690.000	4.000	-4.614	0.159
5700.000	4.000	-4.541	0.158
5710.000	4.000	-4.468	0.161
5720.000	4.000	-4.468	0.161
5730.000	4.000	-4.468	0.161
5740.000	4.000	-4.395	0.164
5750.000	4.000	-4.395	0.164
5760.000	4.000	-4.395	0.163
5770.000	4.000	-4.541	0.163
5780.000	4.000	-4.541	0.163
5790.000	4.000	-4.541	0.159
5800.000	4.000	-4.468	0.161
5810.000	4.000	-4.468	0.161
5820.000	4.000	-4.614	0.162
5830.000	4.000	-4.687	0.162
5840.000	4.000	-4.687	0.162
5850.000	4.000	-4.614	0.159
5860.000	4.000	-4.614	0.159
5870.000	4.000	-4.634	0.158
5880.000	4.000	-4.675	0.157
5890.000	4.000	-4.602	0.157
5900.000	4.000	-4.602	0.156
5910.000	4.000	-4.528	0.157
5920.000	4.000	-4.528	0.159
5930.000	4.000	-4.488	0.161
5940.000	4.000	-4.456	0.161
5950.000	4.000	-4.383	0.159
5960.000	4.000	-4.236	0.161
5970.000	4.000	-4.363	0.162
5980.000	4.000	-4.395	0.161
5990.000	4.000	-4.435	0.161
6000.000	4.000	-4.476	0.161
6010.000	4.000	-4.329	0.163
6020.000	4.000	-4.256	0.161
6030.000	4.000	-4.443	0.162
6040.000	4.000	-4.402	0.162
6050.000	4.000	-4.435	0.162
6060.000	4.000	-4.484	0.136
6070.000	4.000	-4.484	0.076
6080.000	4.000	-4.484	0.076
6090.000	4.000	-4.517	0.056
6100.000	4.000	-4.477	0.031
6110.000	4.000	-4.477	0.031
6120.000	4.000	-4.257	0.025
6130.000	4.000	-4.257	0.013
6140.000	4.000	-4.257	0.013
6150.000	4.000	-4.224	0.009
6160.000	4.000	-3.955	0.008
6170.000	4.000	-3.955	0.008
6180.000	4.000	-3.735	0.004
6190.000	4.000	-4.028	0.006
6200.000	4.000	-4.028	0.006
6210.000	4.000	-4.028	0.002
6220.000	4.000	-3.735	0.002
6230.000	4.000	-3.735	0.002
6240.000	4.000	-3.516	0.003
6250.000	4.000	-3.369	0.002
6260.000	4.000	-3.369	0.002
6270.000	4.000	-3.442	0.003
6280.000	4.000	-3.149	0.002
6290.000	4.000	-3.149	0.002
6300.000	4.000	-2.930	0.002
6310.000	4.000	-2.856	0.002
6320.000	4.000	-2.930	0.006
6330.000	4.000	-2.930	0.006
6340.000	4.000	-3.003	0.004
6350.000	4.000	-3.003	0.004
6360.000	4.000	-2.783	0.004
6370.000	4.000	-2.563	0.006
6380.000	4.000	-2.563	0.006
6390.000	4.000	-2.490	0.006
6400.000	4.000	-2.271	0.004
6410.000	4.000	-2.271	0.004
6420.000	4.000	-2.197	0.003
6430.000	4.000	-2.051	0.006
6440.000	4.000	-1.891	0.007
6450.000	4.000	-1.688	0.006
6460.000	4.000	-1.541	0.008
6470.000	4.000	-1.454	0.008
6480.000	4.000	-1.552	0.008
6490.000	4.000	-1.552	0.007
6500.000	4.000	-1.539	0.009
6510.000	4.000	-1.555	0.008
6520.000	4.000	-1.482	0.007
6530.000	4.000	-1.469	0.007
6540.000	4.000	-1.417	0.007
6550.000	4.000	-1.327	0.007
6560.000	4.000	-1.314	0.007
6570.000	4.000	-1.262	0.008
6580.000	4.000	-1.018	0.006
6590.000	4.000	-0.938	0.004
6600.000	4.000	-0.886	0.002
6610.000	4.000	-0.797	-0.002
6620.000	4.000	-0.790	-0.000
6630.000	4.000	-0.657	-0.000
6640.000	4.000	-0.649	0.001
6650.000	4.000	-0.576	-0.000
6660.000	4.000	-0.516	0.001
6670.000	4.000	-0.434	0.001
6680.000	4.000	-0.434	-0.000
6690.000	4.000	-0.368	-0.002
6700.000	4.000	-0.286	0.003
6710.000	4.000	-0.213	0.002
6720.000	4.000	-0.146	0.003
6730.000	4.000	-0.146	0.004
6740.000	4.000	-0.073	0.006
6750.000	4.000	-0.073	0.006
6760.000	4.000	0.073	0.004
6770.000	4.000	0.073	0.004
6780.000	4.000	0.146	0.004
6790.000	4.000	0.146	0.006
6800.000	4.000	0.220	0.006
6810.000	4.000	0.293	0.004
6820.000	4.000	0.366	0.003
6830.000	4.000	0.366	0.003
6840.000	4.000	0.439	0.002
6850.000	4.000	0.513	0.001
6860.000	4.000	0.513	0.001
6870.000	4.000	0.586	0.001
6880.000	4.000	0.732	0.001
6890.000	4.000	0.732	0.001
6900.000	4.000	0.732	0.001
6910.000	4.000	0.879	0.003
6920.000	4.000	0.879	0.003
6930.000	4.000	1.025	0.002
6940.000	4.000	1.172	0.007
6950.000	4.000	1.172	0.007
6960.000	4.000	1.245	0.004
6970.000	4.000	1.245	0.006
6980.000	4.000	1.245	0.006
6990.000	4.000	1.245	0.006
7000.000	4.000	1.245	0.004
7010.000	4.000	1.245	0.004
7020.000	4.000	1.172	0.004
