% Time (s)	Gyro Output (rads/s)	Input Rate (RPM)	%2/17/20261:15 PM
0.000	0.000	0.000
2836.080	0.000	0.000
2836.090	0.000	0.000
2836.100	0.000	0.000
2836.110	0.000	0.000
2836.120	0.000	0.000
2836.130	0.000	0.000
2836.140	0.000	0.000
2836.150	0.000	0.000
2836.160	0.000	-0.067
2836.170	0.000	-0.215
2836.180	0.030	-0.215
2836.190	0.030	-0.361
2836.200	0.030	-0.597
2836.210	0.070	-0.597
2836.220	0.070	-0.730
2836.230	0.070	-0.893
2836.240	0.110	-0.966
2836.250	0.110	-1.099
2836.260	0.110	-1.187
2836.270	0.120	-1.187
2836.280	0.120	-1.254
2836.290	0.120	-1.173
2836.300	0.120	-1.173
2836.310	0.120	-1.233
2836.320	0.120	-1.166
2836.330	0.110	-1.166
2836.340	0.110	-1.239
2836.350	0.110	-1.090
2836.360	0.070	-1.090
2836.370	0.070	-1.090
2836.380	0.070	-0.948
2836.390	0.030	-0.948
2836.400	0.030	-0.802
2836.410	0.030	-0.587
2836.420	-0.020	-0.358
2836.430	-0.020	-0.145
2836.440	-0.020	0.148
2836.450	-0.090	0.368
2836.460	-0.090	0.587
2836.470	-0.090	0.823
2836.480	-0.140	1.023
2836.490	-0.140	1.243
2836.500	-0.140	1.463
2836.510	-0.200	1.674
2836.520	-0.200	1.901
2836.530	-0.200	2.242
2836.540	-0.270	2.429
2836.550	-0.270	2.575
2836.560	-0.270	2.722
2836.570	-0.350	2.925
2836.580	-0.350	3.165
2836.590	-0.350	3.751
2836.600	-0.420	4.064
2836.610	-0.420	4.284
2836.620	-0.420	4.577
2836.630	-0.500	4.894
2836.640	-0.500	5.074
2836.650	-0.500	5.293
2836.660	-0.590	5.806
2836.670	-0.590	6.392
2836.680	-0.590	6.685
2836.690	-0.680	6.831
2836.700	-0.680	7.104
2836.710	-0.680	7.324
2836.720	-0.800	8.057
2836.730	-0.800	8.130
2836.740	-0.800	8.862
2836.750	-0.920	9.229
2836.760	-0.920	9.668
2836.770	-0.920	10.018
2836.780	-1.040	10.677
2836.790	-1.040	10.824
2836.800	-1.040	11.629
2836.810	-1.170	12.162
2836.820	-1.170	12.235
2836.830	-1.170	12.894
2836.840	-1.310	13.187
2836.850	-1.310	13.846
2836.860	-1.310	14.473
2836.870	-1.460	14.769
2836.880	-1.460	14.989
2836.890	-1.460	15.941
2836.900	-1.590	16.234
2836.910	-1.590	16.727
2836.920	-1.590	17.532
2836.930	-1.750	17.792
2836.940	-1.750	18.451
2836.950	-1.750	18.964
2836.960	-1.870	19.363
2836.970	-1.870	20.035
2836.980	-1.870	20.947
2836.990	-2.030	21.100
2837.000	-2.030	21.612
2837.010	-2.030	22.198
2837.020	-2.130	22.565
2837.030	-2.130	23.111
2837.040	-2.130	23.550
2837.050	-2.270	24.136
2837.060	-2.270	24.795
2837.070	-2.270	25.088
2837.080	-2.420	25.422
2837.090	-2.420	26.074
2837.100	-2.420	26.587
2837.110	-2.530	27.306
2837.120	-2.530	27.599
2837.130	-2.530	28.112
2837.140	-2.650	28.624
2837.150	-2.650	29.064
2837.160	-2.650	29.137
2837.170	-2.770	30.016
2837.180	-2.770	30.382
2837.190	-2.770	30.602
2837.200	-2.880	31.261
2837.210	-2.880	31.348
2837.220	-2.880	31.909
2837.230	-2.990	32.515
2837.240	-2.990	32.662
2837.250	-2.990	33.101
2837.260	-3.110	33.467
2837.270	-3.110	33.760
2837.280	-3.110	34.053
2837.290	-3.210	34.932
2837.300	-3.210	34.639
2837.310	-3.210	35.298
2837.320	-3.270	35.689
2837.330	-3.270	35.742
2837.340	-3.270	36.678
2837.350	-3.330	36.425
2837.360	-3.330	36.938
2837.370	-3.330	37.231
2837.380	-3.380	37.377
2837.390	-3.380	37.450
2837.400	-3.380	38.142
2837.410	-3.470	37.996
2837.420	-3.470	38.142
2837.430	-3.470	38.582
2837.440	-3.520	38.924
2837.450	-3.520	38.924
2837.460	-3.520	38.738
2837.470	-3.520	38.738
2837.480	-3.520	39.250
2837.490	-3.520	39.568
2837.500	-3.520	39.568
2837.510	-3.520	39.634
2837.520	-3.520	39.927
2837.530	-3.570	39.927
2837.540	-3.570	39.641
2837.550	-3.570	39.958
2837.560	-3.550	39.958
2837.570	-3.550	40.025
2837.580	-3.550	39.968
2837.590	-3.510	39.968
2837.600	-3.510	39.332
2837.610	-3.510	39.574
2837.620	-3.520	39.574
2837.630	-3.520	39.295
2837.640	-3.520	38.946
2837.650	-3.470	38.946
2837.660	-3.470	38.447
2837.670	-3.470	38.437
2837.680	-3.370	38.437
2837.690	-3.370	38.244
2837.700	-3.370	38.164
2837.710	-3.310	37.415
2837.720	-3.310	37.195
2837.730	-3.310	37.255
2837.740	-3.250	36.474
2837.750	-3.250	36.327
2837.760	-3.250	36.314
2837.770	-3.130	35.801
2837.780	-3.130	34.963
2837.790	-3.130	35.156
2837.800	-3.020	34.790
2837.810	-3.020	34.277
2837.820	-3.020	33.838
2837.830	-2.900	33.398
2837.840	-2.900	33.105
2837.850	-2.900	32.593
2837.860	-2.760	32.007
2837.870	-2.760	31.421
2837.880	-2.760	31.421
2837.890	-2.620	30.542
2837.900	-2.620	30.103
2837.910	-2.620	29.517
2837.920	-2.490	28.784
2837.930	-2.490	28.345
2837.940	-2.490	27.759
2837.950	-2.340	27.466
2837.960	-2.340	26.440
2837.970	-2.340	26.221
2837.980	-2.160	25.269
2837.990	-2.160	24.902
2838.000	-2.160	23.950
2838.010	-2.010	23.511
2838.020	-2.010	23.145
2838.030	-2.010	22.485
2838.040	-1.810	21.826
2838.050	-1.810	20.435
2838.060	-1.810	20.361
2838.070	-1.610	19.556
2838.080	-1.610	18.115
2838.090	-1.610	17.756
2838.100	-1.410	16.437
2838.110	-1.410	16.437
2838.120	-1.410	15.062
2838.130	-1.220	14.429
2838.140	-1.220	14.429
2838.150	-1.220	13.184
2838.160	-0.990	13.184
2838.170	-0.990	12.159
2838.180	-0.990	11.573
2838.190	-0.790	10.743
2838.200	-0.790	9.857
2838.210	-0.790	9.271
2838.220	-0.580	8.083
2838.230	-0.580	7.571
2838.240	-0.580	6.860
2838.250	-0.390	6.321
2838.260	-0.390	5.369
2838.270	-0.390	4.710
2838.280	-0.190	3.977
2838.290	-0.190	3.098
2838.300	-0.190	2.586
2838.310	-0.020	2.153
2838.320	-0.020	1.567
2838.330	-0.020	0.761
2838.340	0.140	-0.093
2838.350	0.140	-0.872
2838.360	0.140	-1.580
2838.370	0.320	-2.126
2838.380	0.320	-2.566
2838.390	0.320	-3.078
2838.400	0.480	-3.884
2838.410	0.480	-4.477
2838.420	0.480	-5.144
2838.430	0.630	-5.856
2838.440	0.630	-6.223
2838.450	0.630	-6.516
2838.460	0.750	-7.199
2838.470	0.750	-7.679
2838.480	0.750	-8.557
2838.490	0.890	-9.070
2838.500	0.890	-9.070
2838.510	0.890	-9.583
2838.520	0.980	-10.161
2838.530	0.980	-10.254
2838.540	0.980	-10.840
2838.550	1.080	-11.279
2838.560	1.080	-11.572
2838.570	1.080	-11.833
2838.580	1.160	-11.919
2838.590	1.160	-12.432
2838.600	1.160	-12.871
2838.610	1.250	-13.238
2838.620	1.250	-13.238
2838.630	1.250	-14.003
2838.640	1.310	-13.816
2838.650	1.310	-14.036
2838.660	1.310	-14.329
2838.670	1.360	-14.581
2838.680	1.360	-14.934
2838.690	1.360	-15.300
2838.700	1.380	-15.080
2838.710	1.380	-15.080
2838.720	1.380	-15.520
2838.730	1.410	-15.121
2838.740	1.410	-15.674
2838.750	1.410	-16.162
2838.760	1.420	-15.603
2838.770	1.420	-15.749
2838.780	1.420	-15.823
2838.790	1.410	-15.676
2838.800	1.410	-15.969
2838.810	1.410	-16.116
2838.820	1.420	-15.676
2838.830	1.420	-15.749
2838.840	1.420	-16.018
2838.850	1.390	-15.396
2838.860	1.390	-15.736
2838.870	1.390	-15.809
2838.880	1.350	-15.223
2838.890	1.350	-15.150
2838.900	1.350	-15.402
2838.910	1.310	-14.850
2838.920	1.310	-14.996
2838.930	1.310	-14.850
2838.940	1.240	-14.215
2838.950	1.240	-13.982
2838.960	1.240	-13.689
2838.970	1.160	-13.542
2838.980	1.160	-13.396
2838.990	1.160	-12.607
2839.000	1.070	-12.673
2839.010	1.070	-12.673
2839.020	1.070	-11.459
2839.030	0.970	-11.459
2839.040	0.970	-11.239
2839.050	0.970	-10.946
2839.060	0.850	-10.727
2839.070	0.850	-10.067
2839.080	0.850	-9.180
2839.090	0.720	-9.180
2839.100	0.720	-8.692
2839.110	0.720	-8.145
2839.120	0.590	-7.681
2839.130	0.590	-7.681
2839.140	0.590	-7.095
2839.150	0.450	-6.582
2839.160	0.450	-5.850
2839.170	0.450	-5.207
2839.180	0.300	-4.756
2839.190	0.300	-4.096
2839.200	0.300	-3.510
2839.210	0.150	-2.933
2839.220	0.150	-2.420
2839.230	0.150	-1.754
2839.240	0.030	-1.241
2839.250	0.030	-0.802
2839.260	0.030	-0.363
2839.270	-0.120	0.020
2839.280	-0.120	0.366
2839.290	-0.120	0.732
2839.300	-0.270	1.245
2839.310	-0.270	2.563
2839.320	-0.270	3.076
2839.330	-0.420	3.735
2839.340	-0.420	3.735
2839.350	-0.420	4.972
2839.360	-0.560	4.972
2839.370	-0.560	5.352
2839.380	-0.560	6.890
2839.390	-0.710	6.890
2839.400	-0.710	7.476
2839.410	-0.710	8.094
2839.420	-0.870	8.094
2839.430	-0.870	8.847
2839.440	-0.870	10.002
2839.450	-1.030	10.002
2839.460	-1.030	10.350
2839.470	-1.030	11.981
2839.480	-1.180	11.981
2839.490	-1.180	12.094
2839.500	-1.180	13.013
2839.510	-1.180	13.620
2839.520	-1.180	14.133
2839.530	-1.180	14.772
2839.540	-1.340	15.301
2839.550	-1.340	15.374
2839.560	-1.340	16.353
2839.570	-1.620	16.467
2839.580	-1.620	17.126
2839.590	-1.620	18.038
2839.600	-1.770	18.144
2839.610	-1.770	18.750
2839.620	-1.770	19.409
2839.630	-1.900	19.922
2839.640	-1.900	19.849
2839.650	-1.900	20.947
2839.660	-2.020	21.240
2839.670	-2.020	21.973
2839.680	-2.020	21.826
2839.690	-2.120	22.705
2839.700	-2.120	23.218
2839.710	-2.120	23.877
2839.720	-2.270	24.163
2839.730	-2.270	24.383
2839.740	-2.270	25.335
2839.750	-2.360	25.189
2839.760	-2.360	25.701
2839.770	-2.360	25.921
2839.780	-2.470	27.020
2839.790	-2.470	26.727
2839.800	-2.470	27.329
2839.810	-2.560	27.129
2839.820	-2.560	28.039
2839.830	-2.560	28.199
2839.840	-2.640	28.492
2839.850	-2.640	28.785
2839.860	-2.640	29.371
2839.870	-2.690	29.517
2839.880	-2.690	29.151
2839.890	-2.690	29.957
2839.900	-2.770	29.941
2839.910	-2.770	29.921
2839.920	-2.770	30.043
2839.930	-2.790	30.469
2839.940	-2.790	30.249
2839.950	-2.790	30.762
2839.960	-2.810	30.762
2839.970	-2.810	31.494
2839.980	-2.810	31.494
2839.990	-2.810	31.121
2840.000	-2.810	30.828
2840.010	-2.810	31.487
2840.020	-2.810	31.341
2840.030	-2.810	30.902
2840.040	-2.810	31.268
2840.050	-2.780	31.414
2840.060	-2.780	30.828
2840.070	-2.780	31.195
2840.080	-2.760	30.755
2840.090	-2.760	30.542
2840.100	-2.760	30.762
2840.110	-2.730	30.469
2840.120	-2.730	30.249
2840.130	-2.730	30.322
2840.140	-2.670	30.029
2840.150	-2.670	29.736
2840.160	-2.670	29.736
2840.170	-2.630	29.517
2840.180	-2.630	29.077
2840.190	-2.630	28.784
2840.200	-2.540	28.857
2840.210	-2.540	28.418
2840.220	-2.540	28.198
2840.230	-2.470	27.979
2840.240	-2.470	27.612
2840.250	-2.470	27.173
2840.260	-2.360	26.807
2840.270	-2.360	26.367
2840.280	-2.360	25.928
2840.290	-2.250	25.928
2840.300	-2.250	24.976
2840.310	-2.250	24.512
2840.320	-2.120	24.512
2840.330	-2.120	24.006
2840.340	-2.120	23.155
2840.350	-1.990	23.155
2840.360	-1.990	22.789
2840.370	-1.990	22.129
2840.380	-1.830	22.129
2840.390	-1.830	21.038
2840.400	-1.830	20.171
2840.410	-1.670	20.171
2840.420	-1.670	19.585
2840.430	-1.670	19.066
2840.440	-1.530	18.325
2840.450	-1.530	17.207
2840.460	-1.530	17.207
2840.470	-1.360	16.621
2840.480	-1.360	15.595
2840.490	-1.360	15.662
2840.500	-1.170	14.482
2840.510	-1.170	13.989
2840.520	-1.170	13.184
2840.530	-1.000	12.744
2840.540	-1.000	12.012
2840.550	-1.000	11.426
2840.560	-0.820	10.767
2840.570	-0.820	9.668
2840.580	-0.820	9.204
2840.590	-0.620	8.205
2840.600	-0.620	7.693
2840.610	-0.620	6.887
2840.620	-0.390	6.325
2840.630	-0.390	5.353
2840.640	-0.390	4.629
2840.650	-0.170	3.897
2840.660	-0.170	3.018
2840.670	-0.170	1.789
2840.680	0.020	1.789
2840.690	0.020	1.123
2840.700	0.020	-0.830
2840.710	0.210	-0.830
2840.720	0.210	-1.540
2840.730	0.210	-2.749
2840.740	0.420	-2.749
2840.750	0.420	-3.488
2840.760	0.420	-5.034
2840.770	0.600	-5.034
2840.780	0.600	-5.887
2840.790	0.600	-6.826
2840.800	0.790	-6.826
2840.810	0.790	-7.485
2840.820	0.790	-9.103
2840.830	0.950	-9.103
2840.840	0.950	-9.462
2840.850	0.950	-10.847
2840.860	1.080	-10.847
2840.870	1.080	-11.380
2840.880	1.080	-11.846
2840.890	1.220	-12.149
2840.900	1.220	-13.370
2840.910	1.220	-13.517
2840.920	1.350	-14.023
2840.930	1.350	-14.234
2840.940	1.350	-14.973
2840.950	1.440	-15.030
2840.960	1.440	-15.470
2840.970	1.440	-16.239
2840.980	1.580	-16.705
2840.990	1.580	-17.045
2841.000	1.580	-16.996
2841.010	1.680	-17.728
2841.020	1.680	-18.174
2841.030	1.680	-18.858
2841.040	1.780	-19.051
2841.050	1.780	-19.808
2841.060	1.780	-19.954
2841.070	1.880	-20.051
2841.080	1.880	-20.097
2841.090	1.880	-20.756
2841.100	1.950	-21.123
2841.110	1.950	-21.416
2841.120	1.950	-21.879
2841.130	2.030	-21.569
2841.140	2.030	-22.108
2841.150	2.030	-22.010
2841.160	2.080	-22.450
2841.170	2.080	-22.590
2841.180	2.080	-23.298
2841.190	2.130	-23.298
2841.200	2.130	-23.371
2841.210	2.130	-23.371
2841.220	2.150	-23.420
2841.230	2.150	-23.706
2841.240	2.150	-24.040
2841.250	2.180	-23.893
2841.260	2.180	-24.154
2841.270	2.180	-24.214
2841.280	2.170	-23.872
2841.290	2.170	-24.092
2841.300	2.170	-24.092
2841.310	2.180	-24.604
2841.320	2.180	-24.165
2841.330	2.180	-24.311
2841.340	2.160	-24.124
2841.350	2.160	-24.490
2841.360	2.160	-23.864
2841.370	2.150	-24.097
2841.380	2.150	-23.804
2841.390	2.150	-23.877
2841.400	2.090	-23.584
2841.410	2.090	-22.925
2841.420	2.090	-23.071
2841.430	2.040	-22.925
2841.440	2.040	-22.559
2841.450	2.040	-22.119
2841.460	1.960	-22.412
2841.470	1.960	-21.973
2841.480	1.960	-22.046
2841.490	1.890	-21.460
2841.500	1.890	-21.460
2841.510	1.890	-20.947
2841.520	1.810	-20.874
2841.530	1.810	-20.288
2841.540	1.810	-19.922
2841.550	1.680	-19.702
2841.560	1.680	-18.970
2841.570	1.680	-18.604
2841.580	1.570	-18.384
2841.590	1.570	-17.651
2841.600	1.570	-17.212
2841.610	1.460	-17.212
2841.620	1.460	-16.333
2841.630	1.460	-15.967
2841.640	1.300	-15.601
2841.650	1.300	-15.088
2841.660	1.300	-14.429
2841.670	1.150	-13.989
2841.680	1.150	-13.110
2841.690	1.150	-13.110
2841.700	0.980	-12.378
2841.710	0.980	-11.719
2841.720	0.980	-11.279
2841.730	0.820	-10.620
2841.740	0.820	-10.181
2841.750	0.820	-9.440
2841.760	0.660	-8.961
2841.770	0.660	-8.082
2841.780	0.660	-7.642
2841.790	0.480	-6.983
2841.800	0.480	-6.397
2841.810	0.480	-5.697
2841.820	0.360	-5.025
2841.830	0.360	-4.439
2841.840	0.360	-3.706
2841.850	0.200	-3.129
2841.860	0.200	-2.729
2841.870	0.200	-2.290
2841.880	0.010	-1.571
2841.890	0.010	-0.911
2841.900	0.010	-0.399
2841.910	-0.130	0.220
2841.920	-0.130	0.646
2841.930	-0.130	1.232
2841.940	-0.280	1.964
2841.950	-0.280	2.550
2841.960	-0.280	2.916
2841.970	-0.450	3.356
2841.980	-0.450	3.955
2841.990	-0.450	4.687
2842.000	-0.570	5.200
2842.010	-0.570	5.859
2842.020	-0.570	6.445
2842.030	-0.730	6.812
2842.040	-0.730	7.471
2842.050	-0.730	7.837
2842.060	-0.860	8.716
2842.070	-0.860	9.155
2842.080	-0.860	9.668
2842.090	-1.000	10.034
2842.100	-1.000	10.767
2842.110	-1.000	10.840
2842.120	-1.120	11.646
2842.130	-1.120	12.231
2842.140	-1.120	12.231
2842.150	-1.280	13.037
2842.160	-1.280	13.257
2842.170	-1.280	13.916
2842.180	-1.390	14.502
2842.190	-1.390	14.868
2842.200	-1.390	14.795
2842.210	-1.550	15.747
2842.220	-1.550	15.894
2842.230	-1.550	16.113
2842.240	-1.610	16.919
2842.250	-1.610	16.992
2842.260	-1.610	17.432
2842.270	-1.690	18.018
2842.280	-1.690	17.944
2842.290	-1.690	18.384
2842.300	-1.770	18.970
2842.310	-1.770	19.116
2842.320	-1.770	19.409
2842.330	-1.830	20.068
2842.340	-1.830	20.068
2842.350	-1.830	20.728
2842.360	-1.910	20.728
2842.370	-1.910	21.021
2842.380	-1.910	20.874
2842.390	-1.970	20.874
2842.400	-1.970	21.240
2842.410	-1.970	21.558
2842.420	-1.980	21.631
2842.430	-1.980	21.484
2842.440	-1.980	21.777
2842.450	-1.990	21.997
2842.460	-1.990	21.997
2842.470	-1.990	22.453
2842.480	-2.030	22.313
2842.490	-2.030	22.679
2842.500	-2.030	22.606
2842.510	-2.010	22.362
2842.520	-2.010	22.215
2842.530	-2.010	22.508
2842.540	-1.990	22.362
2842.550	-1.990	22.289
2842.560	-1.990	21.849
2842.570	-1.980	21.906
2842.580	-1.980	21.753
2842.590	-1.980	22.005
2842.600	-1.940	21.599
2842.610	-1.940	21.526
2842.620	-1.940	21.599
2842.630	-1.880	21.379
2842.640	-1.880	21.233
2842.650	-1.880	20.647
2842.660	-1.850	21.160
2842.670	-1.850	20.500
2842.680	-1.850	20.647
2842.690	-1.780	20.028
2842.700	-1.780	19.775
2842.710	-1.780	19.767
2842.720	-1.700	19.308
2842.730	-1.700	19.015
2842.740	-1.700	18.649
2842.750	-1.600	18.429
2842.760	-1.600	17.916
2842.770	-1.600	17.843
2842.780	-1.500	16.964
2842.790	-1.500	16.744
2842.800	-1.500	16.598
2842.810	-1.370	15.654
2842.820	-1.370	15.454
2842.830	-1.370	14.868
2842.840	-1.230	14.575
2842.850	-1.230	14.062
2842.860	-1.230	13.623
2842.870	-1.090	12.891
2842.880	-1.090	12.744
2842.890	-1.090	11.865
2842.900	-0.940	11.133
2842.910	-0.940	11.060
2842.920	-0.940	10.327
2842.930	-0.780	9.741
2842.940	-0.780	9.155
2842.950	-0.780	8.789
2842.960	-0.620	7.764
2842.970	-0.620	7.178
2842.980	-0.620	6.519
2842.990	-0.430	6.226
2843.000	-0.430	5.859
2843.010	-0.430	4.907
2843.020	-0.260	4.321
2843.030	-0.260	3.662
2843.040	-0.260	2.856
2843.050	-0.080	2.344
2843.060	-0.080	1.831
2843.070	-0.080	1.318
2843.080	0.090	0.513
2843.090	0.090	-0.513
2843.100	0.090	-1.318
2843.110	0.280	-1.831
2843.120	0.280	-2.344
2843.130	0.280	-2.930
2843.140	0.430	-3.735
2843.150	0.430	-4.395
2843.160	0.430	-5.054
2843.170	0.610	-6.006
2843.180	0.610	-6.299
2843.190	0.610	-6.665
2843.200	0.770	-7.397
2843.210	0.770	-8.130
2843.220	0.770	-9.009
2843.230	0.970	-9.521
2843.240	0.970	-10.034
2843.250	0.970	-10.913
2843.260	1.130	-11.279
2843.270	1.130	-11.719
2843.280	1.130	-12.524
2843.290	1.280	-13.184
2843.300	1.280	-13.696
2843.310	1.280	-14.355
2843.320	1.420	-14.648
2843.330	1.420	-15.308
2843.340	1.420	-15.967
2843.350	1.570	-16.846
2843.360	1.570	-16.846
2843.370	1.570	-17.725
2843.380	1.700	-17.725
2843.390	1.700	-18.384
2843.400	1.700	-19.645
2843.410	1.840	-19.645
2843.420	1.840	-19.905
2843.430	1.840	-20.898
2843.440	1.970	-20.898
2843.450	1.970	-21.544
2843.460	1.970	-22.504
2843.470	2.070	-22.504
2843.480	2.070	-22.657
2843.490	2.070	-23.373
2843.500	2.170	-23.373
2843.510	2.170	-23.426
2843.520	2.170	-24.428
2843.530	2.260	-24.428
2843.540	2.260	-24.501
2843.550	2.260	-25.385
2843.560	2.350	-25.385
2843.570	2.350	-25.459
2843.580	2.350	-26.258
2843.590	2.430	-26.258
2843.600	2.430	-26.444
2843.610	2.430	-26.830
2843.620	2.490	-27.140
2843.630	2.490	-27.433
2843.640	2.490	-27.945
2843.650	2.560	-28.018
2843.660	2.560	-28.018
2843.670	2.560	-28.311
2843.680	2.590	-28.531
2843.690	2.590	-28.385
2843.700	2.590	-28.638
2843.710	2.630	-29.077
2843.720	2.630	-28.931
2843.730	2.630	-28.784
2843.740	2.650	-29.150
2843.750	2.650	-29.443
2843.760	2.650	-29.443
2843.770	2.650	-29.370
2843.780	2.650	-29.077
2843.790	2.650	-29.590
2843.800	2.660	-29.443
2843.810	2.660	-29.077
2843.820	2.660	-29.484
2843.830	2.620	-29.431
2843.840	2.620	-29.431
2843.850	2.620	-29.138
2843.860	2.590	-28.918
2843.870	2.590	-29.065
2843.880	2.590	-29.463
2843.890	2.540	-28.764
2843.900	2.540	-28.691
2843.910	2.540	-28.471
2843.920	2.490	-28.064
2843.930	2.490	-27.751
2843.940	2.490	-27.996
2843.950	2.410	-27.609
2843.960	2.410	-27.536
2843.970	2.410	-26.950
2843.980	2.340	-26.185
2843.990	2.340	-26.079
2844.000	2.340	-25.932
2844.010	2.230	-25.639
2844.020	2.230	-25.053
2844.030	2.230	-25.053
2844.040	2.140	-24.150
2844.050	2.140	-23.804
2844.060	2.140	-23.511
2844.070	2.000	-23.364
2844.080	2.000	-23.071
2844.090	2.000	-22.266
2844.100	1.890	-21.899
2844.110	1.890	-21.387
2844.120	1.890	-21.021
2844.130	1.740	-20.581
2844.140	1.740	-19.702
2844.150	1.740	-19.263
2844.160	1.580	-18.823
2844.170	1.580	-18.164
2844.180	1.580	-17.358
2844.190	1.440	-17.358
2844.200	1.440	-16.406
2844.210	1.440	-15.894
2844.220	1.270	-15.381
2844.230	1.270	-14.429
2844.240	1.270	-14.209
2844.250	1.100	-13.770
2844.260	1.100	-12.964
2844.270	1.100	-12.378
2844.280	0.930	-11.572
2844.290	0.930	-10.620
2844.300	0.930	-10.327
2844.310	0.730	-9.595
2844.320	0.730	-8.716
2844.330	0.730	-8.496
2844.340	0.550	-7.764
2844.350	0.550	-6.885
2844.360	0.550	-6.006
2844.370	0.370	-5.347
2844.380	0.370	-4.907
2844.390	0.370	-4.321
2844.400	0.210	-3.589
2844.410	0.210	-3.076
2844.420	0.210	-2.490
2844.430	0.060	-1.611
2844.440	0.060	-1.025
2844.450	0.060	-0.586
2844.460	-0.100	-0.073
2844.470	-0.100	0.439
2844.480	-0.100	0.879
2844.490	-0.260	1.465
2844.500	-0.260	2.271
2844.510	-0.260	2.930
2844.520	-0.430	3.516
2844.530	-0.430	4.102
2844.540	-0.430	4.761
2844.550	-0.580	5.200
2844.560	-0.580	5.566
2844.570	-0.580	6.519
2844.580	-0.740	7.178
2844.590	-0.740	7.910
2844.600	-0.740	8.057
2844.610	-0.890	8.716
2844.620	-0.890	9.302
2844.630	-0.890	9.961
2844.640	-1.030	10.107
2844.650	-1.030	10.913
2844.660	-1.030	11.572
2844.670	-1.150	11.938
2844.680	-1.150	12.305
2844.690	-1.150	12.671
2844.700	-1.290	13.477
2844.710	-1.290	13.403
2844.720	-1.290	13.989
2844.730	-1.390	14.502
2844.740	-1.390	15.161
2844.750	-1.390	15.527
2844.760	-1.510	15.820
2844.770	-1.510	16.113
2844.780	-1.510	16.699
2844.790	-1.590	16.919
2844.800	-1.590	17.212
2844.810	-1.590	17.871
2844.820	-1.700	18.091
2844.830	-1.700	18.384
2844.840	-1.700	18.530
2844.850	-1.760	18.970
2844.860	-1.760	19.043
2844.870	-1.760	19.409
2844.880	-1.820	19.702
2844.890	-1.820	20.142
2844.900	-1.820	20.288
2844.910	-1.860	20.435
2844.920	-1.860	20.728
2844.930	-1.860	20.581
2844.940	-1.920	21.094
2844.950	-1.920	20.728
2844.960	-1.920	21.387
2844.970	-1.940	21.387
2844.980	-1.940	21.460
2844.990	-1.940	21.313
2845.000	-1.950	21.460
2845.010	-1.950	21.680
2845.020	-1.950	21.606
2845.030	-1.960	21.899
2845.040	-1.960	21.606
2845.050	-1.960	22.119
2845.060	-1.950	21.826
2845.070	-1.950	21.753
2845.080	-1.950	21.313
2845.090	-1.940	21.606
2845.100	-1.940	21.387
2845.110	-1.940	21.387
2845.120	-1.890	20.874
2845.130	-1.890	21.257
2845.140	-1.890	20.597
2845.150	-1.850	20.597
2845.160	-1.850	20.477
2845.170	-1.850	20.461
2845.180	-1.780	20.461
2845.190	-1.780	19.982
2845.200	-1.780	19.355
2845.210	-1.710	19.355
2845.220	-1.710	18.976
2845.230	-1.710	18.951
2845.240	-1.610	18.189
2845.250	-1.610	17.969
2845.260	-1.610	17.870
2845.270	-1.500	17.446
2845.280	-1.500	16.787
2845.290	-1.500	16.607
2845.300	-1.390	16.209
2845.310	-1.390	15.769
2845.320	-1.390	15.636
2845.330	-1.270	14.881
2845.340	-1.270	14.602
2845.350	-1.270	14.016
2845.360	-1.130	13.283
2845.370	-1.130	12.771
2845.380	-1.130	12.665
2845.390	-0.990	11.913
2845.400	-0.990	11.180
2845.410	-0.990	10.667
2845.420	-0.800	10.082
2845.430	-0.800	9.469
2845.440	-0.800	8.590
2845.450	-0.640	8.590
2845.460	-0.640	7.891
2845.470	-0.640	7.118
2845.480	-0.500	6.245
2845.490	-0.500	5.532
2845.500	-0.500	5.093
2845.510	-0.280	4.360
2845.520	-0.280	3.555
2845.530	-0.280	3.050
2845.540	-0.100	2.464
2845.550	-0.100	1.585
2845.560	-0.100	1.039
2845.570	0.060	0.494
2845.580	0.060	-0.065
2845.590	0.060	-0.610
2845.600	0.270	-1.096
2845.610	0.270	-1.756
2845.620	0.270	-2.488
2845.630	0.460	-3.155
2845.640	0.460	-3.815
2845.650	0.460	-4.807
2845.660	0.620	-5.327
2845.670	0.620	-5.839
2845.680	0.620	-6.718
2845.690	0.790	-7.345
2845.700	0.790	-8.470
2845.710	0.790	-8.853
2845.720	0.960	-9.459
2845.730	0.960	-9.971
2845.740	0.960	-10.850
2845.750	1.130	-10.956
2845.760	1.130	-11.828
2845.770	1.130	-12.854
2845.780	1.270	-13.000
2845.790	1.270	-13.659
2845.800	1.270	-14.172
2845.810	1.430	-14.888
2845.820	1.430	-15.381
2845.830	1.430	-16.317
2845.840	1.580	-16.510
2845.850	1.580	-17.315
2845.860	1.580	-17.608
2845.870	1.720	-17.975
2845.880	1.720	-18.414
2845.890	1.720	-19.000
2845.900	1.860	-19.366
2845.910	1.860	-19.952
2845.920	1.860	-20.538
2845.930	1.990	-20.701
2845.940	1.990	-21.387
2845.950	1.990	-21.753
2845.960	2.090	-22.339
2845.970	2.090	-22.559
2845.980	2.090	-23.364
2845.990	2.210	-23.877
2846.000	2.210	-24.023
2846.010	2.210	-24.609
2846.020	2.300	-24.902
2846.030	2.300	-25.488
2846.040	2.300	-25.838
2846.050	2.390	-25.951
2846.060	2.390	-26.318
2846.070	2.390	-26.611
2846.080	2.460	-27.050
2846.090	2.460	-27.050
2846.100	2.460	-27.807
2846.110	2.540	-27.620
2846.120	2.540	-27.840
2846.130	2.540	-28.206
2846.140	2.590	-28.076
2846.150	2.590	-28.402
2846.160	2.590	-29.363
2846.170	2.620	-29.256
2846.180	2.620	-29.110
2846.190	2.620	-29.476
2846.200	2.650	-29.232
2846.210	2.650	-29.711
2846.220	2.650	-29.784
2846.230	2.690	-29.565
2846.240	2.690	-30.077
2846.250	2.690	-30.077
2846.260	2.670	-29.264
2846.270	2.670	-29.810
2846.280	2.670	-29.956
2846.290	2.700	-29.883
2846.300	2.700	-29.736
2846.310	2.700	-29.736
2846.320	2.670	-29.956
2846.330	2.670	-29.590
2846.340	2.670	-29.370
2846.350	2.630	-29.883
2846.360	2.630	-29.517
2846.370	2.630	-29.297
2846.380	2.610	-29.297
2846.390	2.610	-28.931
2846.400	2.610	-29.150
2846.410	2.530	-28.931
2846.420	2.530	-28.418
2846.430	2.530	-28.418
2846.440	2.480	-28.198
2846.450	2.480	-27.759
2846.460	2.480	-27.612
2846.470	2.400	-27.612
2846.480	2.400	-26.953
2846.490	2.400	-26.953
2846.500	2.270	-26.294
2846.510	2.270	-25.928
2846.520	2.270	-25.635
2846.530	2.200	-25.488
2846.540	2.200	-24.902
2846.550	2.200	-24.390
2846.560	2.070	-24.170
2846.570	2.070	-23.584
2846.580	2.070	-23.071
2846.590	1.930	-22.778
2846.600	1.930	-22.046
2846.610	1.930	-21.606
2846.620	1.820	-21.240
2846.630	1.820	-20.581
2846.640	1.820	-20.361
2846.650	1.660	-19.409
2846.660	1.660	-18.970
2846.670	1.660	-18.530
2846.680	1.490	-17.871
2846.690	1.490	-16.992
2846.700	1.490	-16.919
2846.710	1.340	-16.040
2846.720	1.340	-15.381
2846.730	1.340	-14.795
2846.740	1.160	-14.282
2846.750	1.160	-13.623
2846.760	1.160	-12.744
2846.770	0.980	-11.938
2846.780	0.980	-11.572
2846.790	0.980	-11.133
2846.800	0.790	-10.254
2846.810	0.790	-9.595
2846.820	0.790	-8.846
2846.830	0.610	-8.340
2846.840	0.610	-7.388
2846.850	0.610	-6.948
2846.860	0.430	-6.436
2846.870	0.430	-5.703
2846.880	0.430	-5.191
2846.890	0.270	-4.385
2846.900	0.270	-3.799
2846.910	0.270	-3.360
2846.920	0.090	-2.790
2846.930	0.090	-1.978
2846.940	0.090	-1.213
2846.950	-0.080	-0.580
2846.960	-0.080	0.079
2846.970	-0.080	0.665
2846.980	-0.250	1.398
2846.990	-0.250	2.057
2847.000	-0.250	2.862
2847.010	-0.400	3.375
2847.020	-0.400	3.888
2847.030	-0.400	4.327
2847.040	-0.530	5.027
2847.050	-0.530	5.493
2847.060	-0.530	6.079
2847.070	-0.680	6.665
2847.080	-0.680	6.885
2847.090	-0.680	7.617
2847.100	-0.820	8.057
2847.110	-0.820	8.862
2847.120	-0.820	9.302
2847.130	-0.970	10.034
2847.140	-0.970	10.181
2847.150	-0.970	10.913
2847.160	-1.110	11.060
2847.170	-1.110	11.719
2847.180	-1.110	12.524
2847.190	-1.230	12.817
2847.200	-1.230	13.330
2847.210	-1.230	13.623
2847.220	-1.370	14.062
2847.230	-1.370	14.502
2847.240	-1.370	15.161
2847.250	-1.460	15.161
2847.260	-1.460	16.113
2847.270	-1.460	16.406
2847.280	-1.560	16.479
2847.290	-1.560	16.992
2847.300	-1.560	17.139
2847.310	-1.670	17.725
2847.320	-1.670	18.237
2847.330	-1.670	18.237
2847.340	-1.730	18.604
2847.350	-1.730	18.896
2847.360	-1.730	19.116
2847.370	-1.790	19.263
2847.380	-1.790	19.849
2847.390	-1.790	19.995
2847.400	-1.870	20.361
2847.410	-1.870	20.361
2847.420	-1.870	20.215
2847.430	-1.900	20.874
2847.440	-1.900	20.581
2847.450	-1.900	21.167
2847.460	-1.910	20.874
2847.470	-1.910	21.167
2847.480	-1.910	21.240
2847.490	-1.920	21.460
2847.500	-1.920	21.313
2847.510	-1.920	21.313
2847.520	-1.940	21.899
2847.530	-1.940	21.533
2847.540	-1.940	21.826
2847.550	-1.940	21.313
2847.560	-1.940	21.680
2847.570	-1.940	21.387
2847.580	-1.930	21.533
2847.590	-1.930	21.094
2847.600	-1.930	21.240
2847.610	-1.900	21.240
2847.620	-1.900	20.947
2847.630	-1.900	20.947
2847.640	-1.840	20.361
2847.650	-1.840	20.654
2847.660	-1.840	20.361
2847.670	-1.770	20.508
2847.680	-1.770	19.995
2847.690	-1.770	19.629
2847.700	-1.700	19.409
2847.710	-1.700	19.116
2847.720	-1.700	18.970
2847.730	-1.630	18.677
2847.740	-1.630	18.384
2847.750	-1.630	18.018
2847.760	-1.530	17.871
2847.770	-1.530	17.065
2847.780	-1.530	16.919
2847.790	-1.420	16.919
2847.800	-1.420	16.040
2847.810	-1.420	15.674
2847.820	-1.300	15.161
2847.830	-1.300	14.722
2847.840	-1.300	14.429
2847.850	-1.170	14.136
2847.860	-1.170	13.330
2847.870	-1.170	13.184
2847.880	-1.040	12.231
2847.890	-1.040	11.719
2847.900	-1.040	11.572
2847.910	-0.840	10.986
2847.920	-0.840	10.547
2847.930	-0.840	9.741
2847.940	-0.740	9.302
2847.950	-0.740	8.569
2847.960	-0.740	8.130
2847.970	-0.560	7.397
2847.980	-0.560	7.031
2847.990	-0.560	6.299
2848.000	-0.380	5.566
2848.010	-0.380	4.907
2848.020	-0.380	4.102
2848.030	-0.180	3.589
2848.040	-0.180	3.003
2848.050	-0.180	2.124
2848.060	0.000	1.318
2848.070	0.000	0.659
2848.080	0.000	0.000
2848.090	0.180	-0.659
2848.100	0.180	-1.318
2848.110	0.180	-2.124
2848.120	0.370	-3.003
2848.130	0.370	-3.516
2848.140	0.370	-4.085
2848.150	0.540	-4.871
2848.160	0.540	-5.457
2848.170	0.540	-6.116
2848.180	0.730	-6.995
2848.190	0.730	-7.288
2848.200	0.730	-7.947
2848.210	0.880	-8.460
2848.220	0.880	-9.119
2848.230	0.880	-9.632
2848.240	1.050	-10.527
2848.250	1.050	-10.840
2848.260	1.050	-11.572
2848.270	1.180	-11.865
2848.280	1.180	-12.158
2848.290	1.180	-13.452
2848.300	1.330	-13.752
2848.310	1.330	-14.338
2848.320	1.330	-14.777
2848.330	1.470	-15.290
2848.340	1.470	-15.583
2848.350	1.470	-16.169
2848.360	1.590	-16.755
2848.370	1.590	-17.634
2848.380	1.590	-17.927
2848.390	1.730	-18.171
2848.400	1.730	-18.604
2848.410	1.730	-19.189
2848.420	1.850	-19.409
2848.430	1.850	-20.068
2848.440	1.850	-20.654
2848.450	1.970	-21.167
2848.460	1.970	-21.313
2848.470	1.970	-21.785
2848.480	2.080	-22.358
2848.490	2.080	-22.724
2848.500	2.080	-23.164
2848.510	2.180	-23.457
2848.520	2.180	-23.969
2848.530	2.180	-24.946
2848.540	2.270	-24.866
2848.550	2.270	-25.159
2848.560	2.270	-25.525
2848.570	2.350	-25.639
2848.580	2.350	-25.872
2848.590	2.350	-26.320
2848.600	2.420	-26.979
2848.610	2.420	-26.906
2848.620	2.420	-27.199
2848.630	2.490	-26.808
2848.640	2.490	-27.181
2848.650	2.490	-28.044
2848.660	2.510	-28.070
2848.670	2.510	-28.143
2848.680	2.510	-28.290
2848.690	2.570	-28.209
2848.700	2.570	-28.428
2848.710	2.570	-28.786
2848.720	2.580	-28.660
2848.730	2.580	-29.026
2848.740	2.580	-29.026
2848.750	2.580	-28.530
2848.760	2.580	-28.650
2848.770	2.580	-28.951
2848.780	2.600	-29.170
2848.790	2.600	-28.951
2848.800	2.600	-28.658
2848.810	2.560	-28.593
2848.820	2.560	-28.646
2848.830	2.560	-28.719
2848.840	2.550	-28.573
2848.850	2.550	-28.353
2848.860	2.550	-28.662
2848.870	2.510	-28.048
2848.880	2.510	-28.048
2848.890	2.510	-27.902
2848.900	2.430	-27.902
2848.910	2.430	-27.535
2848.920	2.430	-27.682
2848.930	2.380	-26.923
2848.940	2.380	-26.776
2848.950	2.380	-26.557
2848.960	2.290	-25.808
2848.970	2.290	-26.121
2848.980	2.290	-25.551
2848.990	2.200	-25.318
2849.000	2.200	-24.659
2849.010	2.200	-24.879
2849.020	2.090	-23.853
2849.030	2.090	-23.587
2849.040	2.090	-23.603
2849.050	1.970	-23.104
2849.060	1.970	-22.811
2849.070	1.970	-22.005
2849.080	1.840	-21.769
2849.090	1.840	-21.050
2849.100	1.840	-20.684
2849.110	1.710	-19.951
2849.120	1.710	-19.658
2849.130	1.710	-19.252
2849.140	1.550	-18.356
2849.150	1.550	-17.904
2849.160	1.550	-17.391
2849.170	1.400	-16.878
2849.180	1.400	-16.073
2849.190	1.400	-15.763
2849.200	1.230	-15.331
2849.210	1.230	-14.378
2849.220	1.230	-14.012
2849.230	1.080	-13.174
2849.240	1.080	-12.881
2849.250	1.080	-12.165
2849.260	0.910	-11.226
2849.270	0.910	-10.713
2849.280	0.910	-10.054
2849.290	0.720	-9.338
2849.300	0.720	-8.526
2849.310	0.720	-8.387
2849.320	0.530	-7.475
2849.330	0.530	-6.816
2849.340	0.530	-5.864
2849.350	0.340	-5.115
2849.360	0.340	-4.589
2849.370	0.340	-3.792
2849.380	0.160	-3.132
2849.390	0.160	-2.546
2849.400	0.160	-1.887
2849.410	-0.020	-0.927
2849.420	-0.020	-0.448
2849.430	-0.020	0.090
2849.440	-0.200	0.642
2849.450	-0.200	1.301
2849.460	-0.200	2.107
2849.470	-0.380	2.701
2849.480	-0.380	3.214
2849.490	-0.380	4.109
2849.500	-0.550	4.702
2849.510	-0.550	5.141
2849.520	-0.550	5.947
2849.530	-0.710	6.728
2849.540	-0.710	7.347
2849.550	-0.710	8.006
2849.560	-0.870	9.032
2849.570	-0.870	9.740
2849.580	-0.870	9.740
2849.590	-1.020	10.043
2849.600	-1.020	10.403
2849.610	-1.020	11.355
2849.620	-1.150	12.014
2849.630	-1.150	12.087
2849.640	-1.150	12.893
2849.650	-1.290	13.259
2849.660	-1.290	13.699
2849.670	-1.290	14.065
2849.680	-1.390	14.602
2849.690	-1.390	14.795
2849.700	-1.390	15.967
2849.710	-1.530	16.160
2849.720	-1.530	16.087
2849.730	-1.530	17.039
2849.740	-1.640	17.112
2849.750	-1.640	17.698
2849.760	-1.640	18.577
2849.770	-1.740	18.750
2849.780	-1.740	19.189
2849.790	-1.740	19.775
2849.800	-1.850	19.849
2849.810	-1.850	19.875
2849.820	-1.850	21.023
2849.830	-1.950	20.903
2849.840	-1.950	21.416
2849.850	-1.950	21.342
2849.860	-2.010	21.635
2849.870	-2.010	21.902
2849.880	-2.010	22.471
2849.890	-2.070	22.624
2849.900	-2.070	22.844
2849.910	-2.070	23.357
2849.920	-2.150	23.235
2849.930	-2.150	23.501
2849.940	-2.150	24.087
2849.950	-2.210	24.234
2849.960	-2.210	24.380
2849.970	-2.210	24.380
2849.980	-2.220	24.396
2849.990	-2.220	24.683
2850.000	-2.220	25.041
2850.010	-2.200	25.101
2850.020	-2.200	24.954
2850.030	-2.200	25.247
2850.040	-2.210	24.661
2850.050	-2.210	25.027
2850.060	-2.210	24.995
2850.070	-2.250	25.261
2850.080	-2.250	24.602
2850.090	-2.250	24.822
2850.100	-2.240	24.317
2850.110	-2.240	24.550
2850.120	-2.240	24.493
2850.130	-2.160	24.533
2850.140	-2.160	24.313
2850.150	-2.160	24.313
2850.160	-2.120	23.687
2850.170	-2.120	23.713
2850.180	-2.120	24.031
2850.190	-2.060	23.658
2850.200	-2.060	23.219
2850.210	-2.060	23.072
2850.220	-2.000	22.836
2850.230	-2.000	22.576
2850.240	-2.000	22.650
2850.250	-1.930	22.017
2850.260	-1.930	22.090
2850.270	-1.930	21.358
2850.280	-1.830	20.967
2850.290	-1.830	20.461
2850.300	-1.830	20.673
2850.310	-1.720	20.054
2850.320	-1.720	19.394
2850.330	-1.720	18.955
2850.340	-1.580	18.442
2850.350	-1.580	17.830
2850.360	-1.580	17.651
2850.370	-1.440	17.424
2850.380	-1.440	16.545
2850.390	-1.440	16.399
2850.400	-1.310	15.675
2850.410	-1.310	14.829
2850.420	-1.310	14.666
2850.430	-1.140	14.034
2850.440	-1.140	13.594
2850.450	-1.140	13.155
2850.460	-1.000	12.089
2850.470	-1.000	11.729
2850.480	-1.000	11.371
2850.490	-0.820	10.559
2850.500	-0.820	9.826
2850.510	-0.820	9.314
2850.520	-0.650	8.451
2850.530	-0.650	7.692
2850.540	-0.650	7.098
2850.550	-0.470	6.618
2850.560	-0.470	6.106
2850.570	-0.470	5.154
2850.580	-0.310	4.413
2850.590	-0.310	3.761
2850.600	-0.310	3.101
2850.610	-0.110	2.662
2850.620	-0.110	2.149
2850.630	-0.110	1.490
2850.640	0.070	0.619
2850.650	0.070	-0.146
2850.660	0.070	-0.952
2850.670	0.260	-1.685
2850.680	0.260	-2.197
2850.690	0.260	-2.710
2850.700	0.430	-3.223
2850.710	0.430	-4.028
2850.720	0.430	-4.614
2850.730	0.580	-5.127
2850.740	0.580	-6.006
2850.750	0.580	-6.372
2850.760	0.730	-6.665
2850.770	0.730	-7.324
2850.780	0.730	-7.910
2850.790	0.870	-8.862
2850.800	0.870	-9.155
2850.810	0.870	-9.595
2850.820	1.000	-10.107
2850.830	1.000	-10.840
2850.840	1.000	-10.840
2850.850	1.140	-11.719
2850.860	1.140	-12.524
2850.870	1.140	-12.451
2850.880	1.260	-13.037
2850.890	1.260	-13.403
2850.900	1.260	-13.989
2850.910	1.390	-14.575
2850.920	1.390	-15.308
2850.930	1.390	-15.308
2850.940	1.510	-15.874
2850.950	1.510	-16.240
2850.960	1.510	-16.460
2850.970	1.620	-17.558
2850.980	1.620	-17.412
2850.990	1.620	-17.778
2851.000	1.720	-18.510
2851.010	1.720	-18.730
2851.020	1.720	-19.023
2851.030	1.800	-19.536
2851.040	1.800	-20.068
2851.050	1.800	-20.142
2851.060	1.890	-20.801
2851.070	1.890	-20.361
2851.080	1.890	-21.167
2851.090	1.960	-21.387
2851.100	1.960	-21.606
2851.110	1.960	-21.753
2851.120	2.040	-21.899
2851.130	2.040	-22.192
2851.140	2.040	-22.485
2851.150	2.060	-22.705
2851.160	2.060	-22.559
2851.170	2.060	-23.145
2851.180	2.130	-23.437
2851.190	2.130	-23.364
2851.200	2.130	-23.437
2851.210	2.130	-23.584
2851.220	2.130	-23.730
2851.230	2.130	-23.730
2851.240	2.130	-23.877
2851.250	2.130	-23.877
2851.260	2.130	-24.243
2851.270	2.150	-23.877
2851.280	2.150	-23.804
2851.290	2.150	-24.349
2851.300	2.120	-24.349
2851.310	2.120	-23.803
2851.320	2.120	-23.998
2851.330	2.090	-23.792
2851.340	2.090	-23.645
2851.350	2.090	-23.426
2851.360	2.070	-23.059
2851.370	2.070	-23.279
2851.380	2.070	-23.393
2851.390	2.010	-22.801
2851.400	2.010	-22.215
2851.410	2.010	-22.940
2851.420	1.960	-22.186
2851.430	1.960	-22.392
2851.440	1.960	-21.733
2851.450	1.880	-21.806
2851.460	1.880	-21.147
2851.470	1.880	-21.310
2851.480	1.790	-20.503
2851.490	1.790	-20.403
2851.500	1.790	-20.403
2851.510	1.700	-19.346
2851.520	1.700	-19.246
2851.530	1.700	-18.806
2851.540	1.570	-18.513
2851.550	1.570	-17.854
2851.560	1.570	-17.854
2851.570	1.450	-16.959
2851.580	1.450	-16.479
2851.590	1.450	-16.260
2851.600	1.310	-15.234
2851.610	1.310	-15.161
2851.620	1.310	-14.429
2851.630	1.160	-13.989
2851.640	1.160	-13.257
2851.650	1.160	-13.037
2851.660	1.010	-12.305
2851.670	1.010	-12.012
2851.680	1.010	-11.426
2851.690	0.840	-10.474
2851.700	0.840	-10.254
2851.710	0.840	-9.521
2851.720	0.680	-8.936
2851.730	0.680	-8.130
2851.740	0.680	-8.057
2851.750	0.520	-7.178
2851.760	0.520	-6.519
2851.770	0.520	-5.640
2851.780	0.340	-5.054
2851.790	0.340	-4.541
2851.800	0.340	-3.809
2851.810	0.150	-3.149
2851.820	0.150	-2.637
2851.830	0.150	-1.978
2851.840	-0.030	-1.099
2851.850	-0.030	-0.586
2851.860	-0.030	-0.073
2851.870	-0.180	0.586
2851.880	-0.180	1.172
2851.890	-0.180	1.978
2851.900	-0.340	2.637
2851.910	-0.340	3.076
2851.920	-0.340	3.735
2851.930	-0.510	4.468
2851.940	-0.510	4.907
2851.950	-0.510	5.420
2851.960	-0.670	6.372
2851.970	-0.670	6.885
2851.980	-0.670	7.544
2851.990	-0.810	7.837
2852.000	-0.810	8.276
2852.010	-0.810	9.155
2852.020	-0.970	9.741
2852.030	-0.970	10.034
2852.040	-0.970	10.693
2852.050	-1.120	11.499
2852.060	-1.120	11.865
2852.070	-1.120	12.158
2852.080	-1.270	12.891
2852.090	-1.270	13.550
2852.100	-1.270	13.770
2852.110	-1.420	14.429
2852.120	-1.420	14.941
2852.130	-1.420	16.297
2852.140	-1.550	16.297
2852.150	-1.550	16.443
2852.160	-1.550	18.144
2852.170	-1.700	18.144
2852.180	-1.700	18.244
2852.190	-1.700	18.993
2852.200	-1.810	19.612
2852.210	-1.810	19.905
2852.220	-1.810	20.051
2852.230	-1.940	20.434
2852.240	-1.940	20.747
2852.250	-1.940	21.902
2852.260	-2.060	21.740
2852.270	-2.060	22.179
2852.280	-2.060	22.519
2852.290	-2.130	22.942
2852.300	-2.130	23.494
2852.310	-2.130	24.072
2852.320	-2.230	24.432
2852.330	-2.230	24.652
2852.340	-2.230	25.237
2852.350	-2.320	24.888
2852.360	-2.320	25.400
2852.370	-2.320	25.840
2852.380	-2.370	26.432
2852.390	-2.370	26.139
2852.400	-2.370	26.506
2852.410	-2.420	26.440
2852.420	-2.420	26.667
2852.430	-2.420	27.033
2852.440	-2.500	27.472
2852.450	-2.500	27.765
2852.460	-2.500	27.765
2852.470	-2.550	27.759
2852.480	-2.550	28.280
2852.490	-2.550	28.280
2852.500	-2.520	28.160
2852.510	-2.520	28.518
2852.520	-2.520	28.518
2852.530	-2.520	28.578
2852.540	-2.520	28.285
2852.550	-2.520	28.285
2852.560	-2.560	28.358
2852.570	-2.560	28.358
2852.580	-2.560	28.700
2852.590	-2.540	28.219
2852.600	-2.540	28.266
2852.610	-2.540	28.266
2852.620	-2.500	27.834
2852.630	-2.500	27.774
2852.640	-2.500	28.075
2852.650	-2.470	27.962
2852.660	-2.470	27.669
2852.670	-2.470	27.523
2852.680	-2.350	26.815
2852.690	-2.350	26.555
2852.700	-2.350	26.856
2852.710	-2.310	26.403
2852.720	-2.310	26.623
2852.730	-2.310	25.671
2852.740	-2.250	25.443
2852.750	-2.250	25.044
2852.760	-2.250	25.320
2852.770	-2.160	24.621
2852.780	-2.160	24.255
2852.790	-2.160	24.109
2852.800	-2.040	23.368
2852.810	-2.040	22.942
2852.820	-2.040	22.747
2852.830	-1.910	22.627
2852.840	-1.910	21.894
2852.850	-1.910	21.601
2852.860	-1.800	20.372
2852.870	-1.800	19.826
2852.880	-1.800	19.460
2852.890	-1.630	19.460
2852.900	-1.630	18.728
2852.910	-1.630	17.409
2852.920	-1.490	17.409
2852.930	-1.490	16.877
2852.940	-1.490	16.616
2852.950	-1.320	15.711
2852.960	-1.320	15.638
2852.970	-1.320	14.978
2852.980	-1.160	14.173
2852.990	-1.160	13.221
2853.000	-1.160	12.903
2853.010	-0.960	12.060
2853.020	-0.960	11.694
2853.030	-0.960	11.174
2853.040	-0.800	9.897
2853.050	-0.800	9.484
2853.060	-0.800	8.914
2853.070	-0.590	8.208
2853.080	-0.590	7.549
2853.090	-0.590	7.110
2853.100	-0.400	6.182
2853.110	-0.400	5.536
2853.120	-0.400	4.804
2853.130	-0.200	3.998
2853.140	-0.200	2.899
2853.150	-0.200	2.899
2853.160	-0.020	1.858
2853.170	-0.020	1.099
2853.180	-0.020	0.513
2853.190	0.140	-0.220
2853.200	0.140	-0.806
2853.210	0.140	-1.465
2853.220	0.330	-2.417
2853.230	0.330	-3.076
2853.240	0.330	-3.662
2853.250	0.480	-4.175
2853.260	0.480	-4.980
2853.270	0.480	-5.420
2853.280	0.640	-6.152
2853.290	0.640	-6.812
2853.300	0.640	-7.178
2853.310	0.780	-7.617
2853.320	0.780	-7.983
2853.330	0.780	-8.496
2853.340	0.920	-9.229
2853.350	0.920	-9.668
2853.360	0.920	-10.107
2853.370	1.050	-10.840
2853.380	1.050	-10.986
2853.390	1.050	-11.279
2853.400	1.170	-11.938
2853.410	1.170	-12.744
2853.420	1.170	-13.037
2853.430	1.280	-13.550
2853.440	1.280	-13.989
2853.450	1.280	-14.282
2853.460	1.410	-14.575
2853.470	1.410	-14.941
2853.480	1.410	-15.601
2853.490	1.500	-16.187
2853.500	1.500	-16.333
2853.510	1.500	-16.479
2853.520	1.610	-17.212
2853.530	1.610	-17.285
2853.540	1.610	-17.651
2853.550	1.670	-18.091
2853.560	1.670	-18.384
2853.570	1.670	-18.677
2853.580	1.770	-18.896
2853.590	1.770	-19.189
2853.600	1.770	-19.409
2853.610	1.800	-19.775
2853.620	1.800	-19.629
2853.630	1.800	-20.215
2853.640	1.880	-20.288
2853.650	1.880	-20.508
2853.660	1.880	-20.874
2853.670	1.890	-20.947
2853.680	1.890	-21.167
2853.690	1.890	-20.947
2853.700	1.930	-21.606
2853.710	1.930	-21.387
2853.720	1.930	-21.826
2853.730	1.960	-21.387
2853.740	1.960	-21.460
2853.750	1.960	-21.606
2853.760	1.920	-21.606
2853.770	1.920	-21.533
2853.780	1.920	-21.387
2853.790	1.950	-21.753
2853.800	1.950	-21.533
2853.810	1.950	-21.826
2853.820	1.930	-21.387
2853.830	1.930	-21.680
2853.840	1.930	-21.387
2853.850	1.860	-21.680
2853.860	1.860	-21.094
2853.870	1.860	-21.021
2853.880	1.860	-21.094
2853.890	1.860	-20.728
2853.900	1.860	-20.801
2853.910	1.800	-20.142
2853.920	1.800	-19.995
2853.930	1.800	-19.849
2853.940	1.680	-19.995
2853.950	1.680	-19.482
2853.960	1.680	-19.116
2853.970	1.640	-18.823
2853.980	1.640	-18.604
2853.990	1.640	-18.164
2854.000	1.540	-17.725
2854.010	1.540	-17.651
2854.020	1.540	-17.285
2854.030	1.400	-16.706
2854.040	1.400	-16.266
2854.050	1.400	-15.461
2854.060	1.310	-15.534
2854.070	1.310	-15.241
2854.080	1.310	-14.557
2854.090	1.180	-14.018
2854.100	1.180	-13.359
2854.110	1.180	-13.066
2854.120	1.020	-12.627
2854.130	1.020	-11.961
2854.140	1.020	-11.570
2854.150	0.880	-11.270
2854.160	0.880	-10.684
2854.170	0.880	-10.025
2854.180	0.730	-9.317
2854.190	0.730	-8.685
2854.200	0.730	-8.156
2854.210	0.550	-7.443
2854.220	0.550	-6.784
2854.230	0.550	-6.345
2854.240	0.370	-5.344
2854.250	0.370	-4.764
2854.260	0.370	-3.959
2854.270	0.190	-3.226
2854.280	0.190	-2.714
2854.290	0.190	-2.347
2854.300	0.000	-1.558
2854.310	0.000	-0.879
2854.320	0.000	-0.187
2854.330	-0.190	0.439
2854.340	-0.190	1.098
2854.350	-0.190	1.904
2854.360	-0.370	2.416
2854.370	-0.370	2.856
2854.380	-0.370	3.507
2854.390	-0.530	4.372
2854.400	-0.530	4.958
2854.410	-0.530	5.617
2854.420	-0.690	6.317
2854.430	-0.690	6.717
2854.440	-0.690	7.449
2854.450	-0.840	7.962
2854.460	-0.840	8.694
2854.470	-0.840	9.280
2854.480	-0.990	9.874
2854.490	-0.990	10.327
2854.500	-0.990	11.483
2854.510	-1.120	11.483
2854.520	-1.120	11.989
2854.530	-1.120	12.965
2854.540	-1.290	12.925
2854.550	-1.290	13.658
2854.560	-1.290	14.244
2854.570	-1.430	14.756
2854.580	-1.430	15.416
2854.590	-1.430	16.132
2854.600	-1.580	16.398
2854.610	-1.580	17.147
2854.620	-1.580	17.300
2854.630	-1.720	17.935
2854.640	-1.720	18.561
2854.650	-1.720	19.000
2854.660	-1.840	19.440
2854.670	-1.840	20.245
2854.680	-1.840	20.782
2854.690	-1.970	20.812
2854.700	-1.970	21.498
2854.710	-1.970	21.864
2854.720	-2.090	22.523
2854.730	-2.090	22.596
2854.740	-2.090	23.256
2854.750	-2.190	23.695
2854.760	-2.190	23.841
2854.770	-2.190	24.208
2854.780	-2.300	24.403
2854.790	-2.300	25.195
2854.800	-2.300	25.269
2854.810	-2.380	25.781
2854.820	-2.380	26.147
2854.830	-2.380	26.221
2854.840	-2.470	26.880
2854.850	-2.470	26.953
2854.860	-2.470	27.466
2854.870	-2.520	27.686
2854.880	-2.520	27.759
2854.890	-2.520	27.979
2854.900	-2.560	28.345
2854.910	-2.560	28.345
2854.920	-2.560	28.564
2854.930	-2.630	28.857
2854.940	-2.630	29.004
2854.950	-2.630	29.150
2854.960	-2.650	29.004
2854.970	-2.650	29.370
2854.980	-2.650	29.663
2854.990	-2.680	29.370
2855.000	-2.680	29.443
2855.010	-2.680	29.736
2855.020	-2.660	29.736
2855.030	-2.660	29.736
2855.040	-2.660	29.443
2855.050	-2.670	29.810
2855.060	-2.670	29.810
2855.070	-2.670	29.443
2855.080	-2.640	29.590
2855.090	-2.640	29.443
2855.100	-2.640	29.590
2855.110	-2.630	29.370
2855.120	-2.630	28.931
2855.130	-2.630	29.370
2855.140	-2.590	29.297
2855.150	-2.590	28.564
2855.160	-2.590	28.564
2855.170	-2.550	28.491
2855.180	-2.550	28.271
2855.190	-2.550	28.402
2855.200	-2.460	27.989
2855.210	-2.460	27.549
2855.220	-2.460	27.476
2855.230	-2.370	26.890
2855.240	-2.370	26.451
2855.250	-2.370	26.736
2855.260	-2.280	26.090
2855.270	-2.280	25.870
2855.280	-2.280	25.211
2855.290	-2.160	24.934
2855.300	-2.160	24.248
2855.310	-2.160	24.102
2855.320	-2.030	23.809
2855.330	-2.030	23.369
2855.340	-2.030	22.857
2855.350	-1.890	21.986
2855.360	-1.890	21.899
2855.370	-1.890	21.021
2855.380	-1.800	20.728
2855.390	-1.800	19.995
2855.400	-1.800	19.629
2855.410	-1.620	18.896
2855.420	-1.620	18.384
2855.430	-1.620	17.798
2855.440	-1.450	17.285
2855.450	-1.450	16.772
2855.460	-1.450	15.820
2855.470	-1.300	15.674
2855.480	-1.300	14.868
2855.490	-1.300	14.282
2855.500	-1.110	13.623
2855.510	-1.110	13.037
2855.520	-1.110	12.231
2855.530	-0.900	11.646
2855.540	-0.900	10.913
2855.550	-0.900	9.961
2855.560	-0.720	9.521
2855.570	-0.720	8.716
2855.580	-0.720	8.057
2855.590	-0.540	7.251
2855.600	-0.540	6.592
2855.610	-0.540	5.786
2855.620	-0.320	5.200
2855.630	-0.320	4.321
2855.640	-0.320	3.735
2855.650	-0.110	3.223
2855.660	-0.110	2.490
2855.670	-0.110	1.538
2855.680	0.080	0.732
2855.690	0.080	0.073
2855.700	0.080	-0.513
2855.710	0.270	-1.318
2855.720	0.270	-2.197
2855.730	0.270	-2.930
2855.740	0.450	-3.516
2855.750	0.450	-4.028
2855.760	0.450	-4.761
2855.770	0.620	-5.273
2855.780	0.620	-5.786
2855.790	0.620	-6.665
2855.800	0.750	-7.104
2855.810	0.750	-7.764
2855.820	0.750	-8.130
2855.830	0.900	-8.936
2855.840	0.900	-9.448
2855.850	0.900	-10.107
2855.860	1.040	-10.474
2855.870	1.040	-11.279
2855.880	1.040	-11.572
2855.890	1.180	-12.085
2855.900	1.180	-12.964
2855.910	1.180	-13.037
2855.920	1.310	-13.623
2855.930	1.310	-13.916
2855.940	1.310	-14.355
2855.950	1.440	-15.015
2855.960	1.440	-15.674
2855.970	1.440	-15.527
2855.980	1.550	-16.333
2855.990	1.550	-16.553
2856.000	1.550	-16.772
2856.010	1.660	-17.725
2856.020	1.660	-17.651
2856.030	1.660	-17.944
2856.040	1.730	-18.530
2856.050	1.730	-18.823
2856.060	1.730	-19.116
2856.070	1.820	-19.702
2856.080	1.820	-19.995
2856.090	1.820	-20.142
2856.100	1.880	-20.654
2856.110	1.880	-20.215
2856.120	1.880	-20.947
2856.130	1.940	-21.167
2856.140	1.940	-21.460
2856.150	1.940	-21.460
2856.160	2.000	-21.460
2856.170	2.000	-21.753
2856.180	2.000	-22.380
2856.190	2.020	-22.380
2856.200	2.020	-22.033
2856.210	2.020	-22.953
2856.220	2.060	-22.953
2856.230	2.060	-22.886
2856.240	2.060	-22.740
2856.250	2.060	-23.033
2856.260	2.060	-23.179
2856.270	2.060	-23.253
2856.280	2.070	-22.772
2856.290	2.070	-22.919
2856.300	2.070	-23.192
