%Time [ms]	Commanded Torque [mNm]	Angular Velocity [RPM]	Actual Current [Amp]	%2/17/20261:25 PM
0.000	0.000	0.000	0.000
20.000	20.000	-1.953	-0.017
30.000	20.000	-1.953	-0.017
40.000	20.000	-13.672	-0.017
50.000	20.000	-13.672	-0.017
60.000	20.000	-13.672	-0.017
70.000	20.000	-3.906	-0.049
80.000	20.000	-3.906	-0.049
90.000	20.000	-3.906	-0.049
100.000	20.000	-21.484	-0.024
110.000	20.000	-21.484	-0.024
120.000	20.000	-21.484	-0.024
130.000	20.000	-21.484	-0.028
140.000	20.000	-21.484	-0.028
150.000	20.000	-21.484	-0.028
160.000	20.000	-25.391	-0.035
170.000	20.000	-25.391	-0.035
180.000	20.000	-25.391	-0.035
190.000	20.000	-33.203	-0.010
200.000	20.000	-33.203	-0.010
210.000	20.000	-33.203	-0.010
220.000	20.000	-19.531	-0.004
230.000	20.000	-19.531	-0.004
240.000	20.000	-19.531	-0.004
250.000	20.000	-13.672	-0.038
260.000	20.000	-13.672	-0.038
270.000	20.000	-13.672	-0.038
280.000	20.000	-52.734	-0.029
290.000	20.000	-52.734	-0.029
300.000	20.000	-52.734	-0.029
310.000	20.000	-7.812	-0.032
320.000	20.000	-7.812	-0.032
330.000	20.000	-7.812	-0.032
340.000	20.000	1.953	-0.017
350.000	20.000	1.953	-0.017
360.000	20.000	1.953	-0.017
370.000	20.000	-37.109	-0.035
380.000	20.000	-37.109	-0.035
390.000	20.000	-37.109	-0.035
400.000	20.000	-1.953	-0.031
410.000	20.000	-1.953	-0.031
420.000	20.000	-1.953	-0.031
430.000	20.000	-29.297	-0.017
440.000	20.000	-29.297	-0.017
450.000	20.000	-29.297	-0.017
460.000	20.000	-41.016	-0.016
470.000	20.000	-41.016	-0.016
480.000	20.000	-41.016	-0.016
490.000	20.000	3.906	-0.016
500.000	20.000	3.906	-0.016
510.000	20.000	3.906	-0.016
520.000	20.000	-50.781	-0.015
530.000	20.000	-50.781	-0.015
540.000	20.000	-50.781	-0.015
550.000	20.000	-17.578	-0.040
560.000	20.000	-17.578	-0.040
570.000	20.000	-17.578	-0.040
580.000	20.000	-3.906	-0.038
590.000	20.000	-3.906	-0.038
600.000	20.000	-3.906	-0.038
610.000	20.000	9.766	-0.020
620.000	20.000	9.766	-0.020
630.000	20.000	9.766	-0.020
640.000	20.000	-23.437	-0.023
650.000	20.000	-23.437	-0.023
660.000	20.000	-23.437	-0.023
670.000	20.000	-11.719	-0.017
680.000	20.000	-11.719	-0.017
690.000	20.000	-11.719	-0.017
700.000	20.000	-33.203	-0.037
710.000	20.000	-33.203	-0.037
720.000	20.000	-33.203	-0.037
730.000	20.000	-33.203	-0.038
740.000	20.000	-33.203	-0.038
750.000	20.000	-33.203	-0.038
760.000	20.000	-17.578	-0.035
770.000	20.000	-17.578	-0.035
780.000	20.000	-17.578	-0.035
790.000	20.000	-5.859	-0.032
800.000	20.000	-5.859	-0.032
810.000	20.000	-5.859	-0.032
820.000	20.000	-13.672	-0.024
830.000	20.000	-13.672	-0.024
840.000	20.000	-13.672	-0.024
850.000	20.000	-39.062	-0.008
860.000	20.000	-39.062	-0.008
870.000	20.000	-39.062	-0.008
880.000	20.000	-31.250	-0.006
890.000	20.000	-31.250	-0.006
900.000	20.000	-31.250	-0.006
910.000	20.000	-39.062	-0.011
920.000	20.000	-39.062	-0.011
930.000	20.000	-39.062	-0.011
940.000	20.000	-52.734	-0.011
950.000	20.000	-52.734	-0.011
960.000	20.000	-52.734	-0.011
970.000	20.000	-44.922	-0.011
980.000	20.000	-44.922	-0.011
990.000	20.000	-44.922	-0.011
1000.000	20.000	3.906	-0.009
1010.000	20.000	3.906	-0.009
1020.000	20.000	3.906	-0.009
1030.000	20.000	3.906	-0.012
1040.000	20.000	3.906	-0.012
1050.000	20.000	3.906	-0.012
1060.000	20.000	-60.547	-0.027
1070.000	20.000	-60.547	-0.027
1080.000	20.000	-60.547	-0.027
1090.000	20.000	1.953	0.344
1100.000	20.000	1.953	0.344
1110.000	20.000	1.953	0.344
1120.000	20.000	-13.672	0.493
1130.000	20.000	-13.672	0.493
1140.000	20.000	-13.672	0.493
1150.000	20.000	60.547	0.514
1160.000	20.000	60.547	0.514
1170.000	20.000	60.547	0.514
1180.000	20.000	134.766	0.564
1190.000	20.000	134.766	0.564
1200.000	20.000	134.766	0.564
1210.000	20.000	164.062	0.575
1220.000	20.000	164.062	0.575
1230.000	20.000	164.062	0.575
1240.000	20.000	203.125	0.563
1250.000	20.000	203.125	0.563
1260.000	20.000	203.125	0.563
1270.000	20.000	291.016	0.590
1280.000	20.000	291.016	0.590
1290.000	20.000	291.016	0.590
1300.000	20.000	292.969	0.582
1310.000	20.000	292.969	0.582
1320.000	20.000	292.969	0.582
1330.000	20.000	373.047	0.607
1340.000	20.000	373.047	0.607
1350.000	20.000	373.047	0.607
1360.000	20.000	371.094	0.576
1370.000	20.000	371.094	0.576
1380.000	20.000	371.094	0.576
1390.000	20.000	435.547	0.580
1400.000	20.000	435.547	0.580
1410.000	20.000	435.547	0.580
1420.000	20.000	486.328	0.578
1430.000	20.000	486.328	0.578
1440.000	20.000	486.328	0.578
1450.000	20.000	507.812	0.594
1460.000	20.000	507.812	0.594
1470.000	20.000	507.812	0.594
1480.000	20.000	595.703	0.577
1490.000	20.000	595.703	0.577
1500.000	20.000	595.703	0.577
1510.000	20.000	666.016	0.576
1520.000	20.000	666.016	0.576
1530.000	20.000	666.016	0.576
1540.000	20.000	642.578	0.591
1550.000	20.000	642.578	0.591
1560.000	20.000	642.578	0.591
1570.000	20.000	699.219	0.561
1580.000	20.000	699.219	0.561
1590.000	20.000	699.219	0.561
1600.000	20.000	753.906	0.573
1610.000	20.000	753.906	0.573
1620.000	20.000	753.906	0.573
1630.000	20.000	828.125	0.577
1640.000	20.000	828.125	0.577
1650.000	20.000	828.125	0.577
1660.000	20.000	855.469	0.561
1670.000	20.000	855.469	0.561
1680.000	20.000	855.469	0.561
1690.000	20.000	923.828	0.579
1700.000	20.000	923.828	0.579
1710.000	20.000	923.828	0.579
1720.000	20.000	953.125	0.598
1730.000	20.000	953.125	0.598
1740.000	20.000	953.125	0.598
1750.000	20.000	988.281	0.583
1760.000	20.000	988.281	0.583
1770.000	20.000	988.281	0.583
1780.000	20.000	1060.547	0.565
1790.000	20.000	1060.547	0.565
1800.000	20.000	1060.547	0.565
1810.000	20.000	1060.547	0.549
1820.000	20.000	1060.547	0.549
1830.000	20.000	1060.547	0.549
1840.000	20.000	1130.859	0.572
1850.000	20.000	1130.859	0.572
1860.000	20.000	1130.859	0.572
1870.000	20.000	1166.016	0.591
1880.000	20.000	1166.016	0.591
1890.000	20.000	1166.016	0.591
1900.000	20.000	1199.219	0.587
1910.000	20.000	1199.219	0.587
1920.000	20.000	1199.219	0.587
1930.000	20.000	1259.766	0.557
1940.000	20.000	1259.766	0.557
1950.000	20.000	1259.766	0.557
1960.000	20.000	1277.344	0.586
1970.000	20.000	1277.344	0.586
1980.000	20.000	1277.344	0.586
1990.000	20.000	1337.891	0.593
2000.000	20.000	1337.891	0.593
2010.000	20.000	1337.891	0.593
2020.000	20.000	1400.391	0.604
2030.000	20.000	1400.391	0.604
2040.000	20.000	1400.391	0.604
2050.000	20.000	1423.828	0.566
2060.000	20.000	1423.828	0.566
2070.000	20.000	1423.828	0.566
2080.000	20.000	1478.516	0.576
2090.000	20.000	1478.516	0.576
2100.000	20.000	1478.516	0.576
2110.000	20.000	1541.016	0.575
2120.000	20.000	1541.016	0.575
2130.000	20.000	1541.016	0.575
2140.000	20.000	1587.891	0.562
2150.000	20.000	1587.891	0.562
2160.000	20.000	1587.891	0.562
2170.000	20.000	1601.562	0.612
2180.000	20.000	1601.562	0.612
2190.000	20.000	1601.562	0.612
2200.000	20.000	1654.297	0.583
2210.000	20.000	1654.297	0.583
2220.000	20.000	1654.297	0.583
2230.000	20.000	1662.109	0.560
2240.000	20.000	1662.109	0.560
2250.000	20.000	1662.109	0.560
2260.000	20.000	1759.766	0.579
2270.000	20.000	1759.766	0.579
2280.000	20.000	1759.766	0.579
2290.000	20.000	1750.000	0.577
2300.000	20.000	1750.000	0.577
2310.000	20.000	1750.000	0.577
2320.000	20.000	1785.156	0.577
2330.000	20.000	1785.156	0.577
2340.000	20.000	1785.156	0.577
2350.000	20.000	1871.094	0.574
2360.000	20.000	1871.094	0.574
2370.000	20.000	1871.094	0.574
2380.000	20.000	1888.672	0.584
2390.000	20.000	1888.672	0.584
2400.000	20.000	1888.672	0.584
2410.000	20.000	1931.641	0.580
2420.000	20.000	1931.641	0.580
2430.000	20.000	1931.641	0.580
2440.000	20.000	1976.562	0.604
2450.000	20.000	1976.562	0.604
2460.000	20.000	1976.562	0.604
2470.000	20.000	2052.734	0.599
2480.000	20.000	2052.734	0.599
2490.000	20.000	2052.734	0.599
2500.000	20.000	2082.031	0.584
2510.000	20.000	2082.031	0.584
2520.000	20.000	2082.031	0.584
2530.000	20.000	2078.125	0.579
2540.000	20.000	2078.125	0.579
2550.000	20.000	2078.125	0.579
2560.000	20.000	2144.531	0.589
2570.000	20.000	2144.531	0.589
2580.000	20.000	2144.531	0.589
2590.000	20.000	2205.078	0.590
2600.000	20.000	2205.078	0.590
2610.000	20.000	2205.078	0.590
2620.000	20.000	2216.797	0.576
2630.000	20.000	2216.797	0.576
2640.000	20.000	2216.797	0.576
2650.000	20.000	2263.672	0.569
2660.000	20.000	2263.672	0.569
2670.000	20.000	2263.672	0.569
2680.000	20.000	2279.297	0.589
2690.000	20.000	2279.297	0.589
2700.000	20.000	2279.297	0.589
2710.000	20.000	2363.281	0.570
2720.000	20.000	2363.281	0.570
2730.000	20.000	2363.281	0.570
2740.000	20.000	2382.812	0.577
2750.000	20.000	2382.812	0.577
2760.000	20.000	2382.812	0.577
2770.000	20.000	2441.406	0.573
2780.000	20.000	2441.406	0.573
2790.000	20.000	2441.406	0.573
2800.000	20.000	2484.375	0.538
2810.000	20.000	2484.375	0.538
2820.000	20.000	2484.375	0.538
2830.000	20.000	2550.781	0.570
2840.000	20.000	2550.781	0.570
2850.000	20.000	2550.781	0.570
2860.000	20.000	2548.828	0.534
2870.000	20.000	2548.828	0.534
2880.000	20.000	2548.828	0.534
2890.000	20.000	2607.422	0.577
2900.000	20.000	2607.422	0.577
2910.000	20.000	2607.422	0.577
2920.000	20.000	2648.437	0.577
2930.000	20.000	2648.437	0.577
2940.000	20.000	2648.437	0.577
2950.000	20.000	2693.359	0.610
2960.000	20.000	2693.359	0.610
2970.000	20.000	2693.359	0.610
2980.000	20.000	2748.047	0.595
2990.000	20.000	2748.047	0.595
3000.000	20.000	2748.047	0.595
3010.000	20.000	2779.297	0.589
3020.000	20.000	2779.297	0.589
3030.000	20.000	2779.297	0.589
3040.000	20.000	2810.547	0.569
3050.000	20.000	2810.547	0.569
3060.000	20.000	2810.547	0.569
3070.000	20.000	2861.328	0.592
3080.000	20.000	2861.328	0.592
3090.000	20.000	2861.328	0.592
3100.000	20.000	2898.437	0.575
3110.000	20.000	2898.437	0.575
3120.000	20.000	2898.437	0.575
3130.000	20.000	2900.391	0.564
3140.000	20.000	2900.391	0.564
3150.000	20.000	2900.391	0.564
3160.000	20.000	2966.797	0.595
3170.000	20.000	2966.797	0.595
3180.000	20.000	2966.797	0.595
3190.000	20.000	3011.719	0.575
3200.000	20.000	3011.719	0.575
3210.000	20.000	3011.719	0.575
3220.000	20.000	2998.047	0.599
3230.000	20.000	2998.047	0.599
3240.000	20.000	2998.047	0.599
3250.000	20.000	3078.125	0.583
3260.000	20.000	3078.125	0.583
3270.000	20.000	3078.125	0.583
3280.000	20.000	3080.078	0.565
3290.000	20.000	3080.078	0.565
3300.000	20.000	3080.078	0.565
3310.000	20.000	3136.719	0.572
3320.000	20.000	3136.719	0.572
3330.000	20.000	3136.719	0.572
3340.000	20.000	3210.937	0.587
3350.000	20.000	3210.937	0.587
3360.000	20.000	3210.937	0.587
3370.000	20.000	3189.453	0.562
3380.000	20.000	3189.453	0.562
3390.000	20.000	3189.453	0.562
3400.000	20.000	3253.906	0.594
3410.000	20.000	3253.906	0.594
3420.000	20.000	3253.906	0.594
3430.000	20.000	3277.344	0.595
3440.000	20.000	3277.344	0.595
3450.000	20.000	3277.344	0.595
3460.000	20.000	3353.516	0.590
3470.000	20.000	3353.516	0.590
3480.000	20.000	3353.516	0.590
3490.000	20.000	3369.141	0.559
3500.000	20.000	3369.141	0.559
3510.000	20.000	3369.141	0.559
3520.000	20.000	3408.203	0.576
3530.000	20.000	3408.203	0.576
3540.000	20.000	3408.203	0.576
3550.000	20.000	3468.750	0.568
3560.000	20.000	3468.750	0.568
3570.000	20.000	3468.750	0.568
3580.000	20.000	3515.625	0.580
3590.000	20.000	3515.625	0.580
3600.000	20.000	3515.625	0.580
3610.000	20.000	3517.578	0.561
3620.000	20.000	3517.578	0.561
3630.000	20.000	3517.578	0.561
3640.000	20.000	3599.609	0.589
3650.000	20.000	3599.609	0.589
3660.000	20.000	3599.609	0.589
3670.000	20.000	3646.484	0.572
3680.000	20.000	3646.484	0.572
3690.000	20.000	3646.484	0.572
3700.000	20.000	3607.422	0.547
3710.000	20.000	3607.422	0.547
3720.000	20.000	3607.422	0.547
3730.000	20.000	3689.453	0.562
3740.000	20.000	3689.453	0.562
3750.000	20.000	3689.453	0.562
3760.000	20.000	3775.391	0.586
3770.000	20.000	3775.391	0.586
3780.000	20.000	3775.391	0.586
3790.000	20.000	3783.203	0.590
3800.000	20.000	3783.203	0.590
3810.000	20.000	3783.203	0.590
3820.000	20.000	3779.297	0.580
3830.000	20.000	3779.297	0.580
3840.000	20.000	3779.297	0.580
3850.000	20.000	3835.937	0.574
3860.000	20.000	3835.937	0.574
3870.000	20.000	3835.937	0.574
3880.000	20.000	3900.391	0.567
3890.000	20.000	3900.391	0.567
3900.000	20.000	3900.391	0.567
3910.000	20.000	3923.828	0.569
3920.000	20.000	3923.828	0.569
3930.000	20.000	3923.828	0.569
3940.000	20.000	3988.281	0.575
3950.000	20.000	3988.281	0.575
3960.000	20.000	3988.281	0.575
3970.000	20.000	3986.328	0.578
3980.000	20.000	3986.328	0.578
3990.000	20.000	3986.328	0.578
4000.000	20.000	3988.281	0.561
4010.000	20.000	3988.281	0.561
4020.000	20.000	3988.281	0.561
4030.000	20.000	3998.047	0.572
4040.000	20.000	3998.047	0.572
4050.000	20.000	3998.047	0.572
4060.000	20.000	3998.047	0.555
4070.000	20.000	3998.047	0.555
4080.000	20.000	3998.047	0.555
4090.000	20.000	3998.047	0.402
4100.000	20.000	3998.047	0.402
4110.000	20.000	3998.047	0.402
4120.000	20.000	3998.047	0.194
4130.000	20.000	3998.047	0.194
4140.000	20.000	3998.047	0.194
4150.000	20.000	3998.047	0.015
4160.000	20.000	3998.047	0.015
4170.000	20.000	3998.047	0.015
4180.000	20.000	3998.047	-0.132
4190.000	20.000	3998.047	-0.132
4200.000	20.000	3998.047	-0.132
4210.000	20.000	3998.047	-0.268
4220.000	20.000	3998.047	-0.268
4230.000	20.000	3998.047	-0.268
4240.000	20.000	3998.047	-0.326
4250.000	20.000	3998.047	-0.326
4260.000	20.000	3998.047	-0.326
4270.000	20.000	3964.844	-0.282
4280.000	20.000	3964.844	-0.282
4290.000	20.000	3964.844	-0.282
4300.000	20.000	3980.469	-0.165
4310.000	20.000	3980.469	-0.165
4320.000	20.000	3980.469	-0.165
4330.000	20.000	3960.937	-0.076
4340.000	20.000	3960.937	-0.076
4350.000	20.000	3960.937	-0.076
4360.000	20.000	3917.969	0.059
4370.000	20.000	3917.969	0.059
4380.000	20.000	3917.969	0.059
4390.000	20.000	3919.922	0.242
4400.000	20.000	3919.922	0.242
4410.000	20.000	3919.922	0.242
4420.000	20.000	3966.797	0.378
4430.000	20.000	3966.797	0.378
4440.000	20.000	3966.797	0.378
4450.000	20.000	3996.094	0.473
4460.000	20.000	3996.094	0.473
4470.000	20.000	3996.094	0.473
4480.000	20.000	3957.031	0.493
4490.000	20.000	3957.031	0.493
4500.000	20.000	3957.031	0.493
4510.000	20.000	3998.047	0.466
4520.000	20.000	3998.047	0.466
4530.000	20.000	3998.047	0.466
4540.000	20.000	3998.047	0.355
4550.000	20.000	3998.047	0.355
4560.000	20.000	3998.047	0.355
4570.000	20.000	3998.047	0.228
4580.000	20.000	3998.047	0.228
4590.000	20.000	3998.047	0.228
4600.000	20.000	3998.047	0.163
4610.000	20.000	3998.047	0.163
4620.000	20.000	3998.047	0.163
4630.000	20.000	3998.047	0.104
4640.000	20.000	3998.047	0.104
4650.000	20.000	3998.047	0.104
4660.000	20.000	3998.047	0.035
4670.000	20.000	3998.047	0.035
4680.000	20.000	3998.047	0.035
4690.000	20.000	3998.047	0.014
4700.000	20.000	3998.047	0.014
4710.000	20.000	3998.047	0.014
4720.000	20.000	3998.047	0.019
4730.000	20.000	3998.047	0.019
4740.000	20.000	3998.047	0.019
4750.000	20.000	3998.047	0.023
4760.000	20.000	3998.047	0.023
4770.000	20.000	3998.047	0.023
4780.000	20.000	3998.047	0.042
4790.000	20.000	3998.047	0.042
4800.000	20.000	3998.047	0.042
4810.000	20.000	3998.047	0.065
4820.000	20.000	3998.047	0.065
4830.000	20.000	3998.047	0.065
4840.000	20.000	3992.187	0.101
4850.000	20.000	3992.187	0.101
4860.000	20.000	3992.187	0.101
4870.000	20.000	3970.703	0.169
4880.000	20.000	3970.703	0.169
4890.000	20.000	3970.703	0.169
4900.000	20.000	3953.125	0.233
4910.000	20.000	3953.125	0.233
4920.000	20.000	3953.125	0.233
4930.000	20.000	3992.187	0.258
4940.000	20.000	3992.187	0.258
4950.000	20.000	3992.187	0.258
4960.000	20.000	3978.516	0.288
4970.000	20.000	3978.516	0.288
4980.000	20.000	3978.516	0.288
4990.000	20.000	3998.047	0.256
5000.000	20.000	3998.047	0.256
5010.000	20.000	3998.047	0.256
5020.000	20.000	3998.047	0.267
5030.000	20.000	3998.047	0.267
5040.000	20.000	3998.047	0.267
5050.000	20.000	3998.047	0.218
5060.000	20.000	3998.047	0.218
5070.000	20.000	3998.047	0.218
5080.000	20.000	3998.047	0.170
5090.000	20.000	3998.047	0.170
5100.000	20.000	3998.047	0.170
5110.000	20.000	3998.047	0.153
5120.000	20.000	3998.047	0.153
5130.000	20.000	3998.047	0.153
5140.000	20.000	3998.047	0.110
5150.000	20.000	3998.047	0.110
5160.000	20.000	3998.047	0.110
5170.000	20.000	3998.047	0.099
5180.000	20.000	3998.047	0.099
5190.000	20.000	3998.047	0.099
5200.000	20.000	3982.422	0.094
5210.000	20.000	3982.422	0.094
5220.000	20.000	3982.422	0.094
5230.000	20.000	3998.047	0.104
5240.000	20.000	3998.047	0.104
5250.000	20.000	3998.047	0.104
5260.000	20.000	3986.328	0.109
5270.000	20.000	3986.328	0.109
5280.000	20.000	3986.328	0.109
5290.000	20.000	3982.422	0.113
5300.000	20.000	3982.422	0.113
5310.000	20.000	3982.422	0.113
5320.000	20.000	3968.750	0.145
5330.000	20.000	3968.750	0.145
5340.000	20.000	3968.750	0.145
5350.000	20.000	3980.469	0.195
5360.000	20.000	3980.469	0.195
5370.000	20.000	3980.469	0.195
5380.000	20.000	3984.375	0.179
5390.000	20.000	3984.375	0.179
5400.000	20.000	3984.375	0.179
5410.000	20.000	3998.047	0.187
5420.000	20.000	3998.047	0.187
5430.000	20.000	3998.047	0.187
5440.000	20.000	3998.047	0.221
5450.000	20.000	3998.047	0.221
5460.000	20.000	3998.047	0.221
5470.000	20.000	3990.234	0.201
5480.000	20.000	3990.234	0.201
5490.000	20.000	3990.234	0.201
5500.000	20.000	3998.047	0.165
5510.000	20.000	3998.047	0.165
5520.000	20.000	3998.047	0.165
5530.000	20.000	3998.047	0.164
5540.000	20.000	3998.047	0.164
5550.000	20.000	3998.047	0.164
5560.000	20.000	3988.281	0.128
5570.000	20.000	3988.281	0.128
5580.000	20.000	3988.281	0.128
5590.000	20.000	3998.047	0.152
5600.000	20.000	3998.047	0.152
5610.000	20.000	3998.047	0.152
5620.000	20.000	3982.422	0.132
5630.000	20.000	3982.422	0.132
5640.000	20.000	3982.422	0.132
5650.000	20.000	3968.750	0.137
5660.000	20.000	3968.750	0.137
5670.000	20.000	3968.750	0.137
5680.000	20.000	3998.047	0.134
5690.000	20.000	3998.047	0.134
5700.000	20.000	3998.047	0.134
5710.000	20.000	3972.656	0.150
5720.000	20.000	3972.656	0.150
5730.000	20.000	3972.656	0.150
5740.000	20.000	3998.047	0.150
5750.000	20.000	3998.047	0.150
5760.000	20.000	3998.047	0.150
5770.000	20.000	3996.094	0.152
5780.000	20.000	3996.094	0.152
5790.000	20.000	3996.094	0.152
5800.000	20.000	3998.047	0.159
5810.000	20.000	3998.047	0.159
5820.000	20.000	3998.047	0.159
5830.000	20.000	3998.047	0.171
5840.000	20.000	3998.047	0.171
5850.000	20.000	3998.047	0.171
5860.000	20.000	3998.047	0.187
5870.000	20.000	3998.047	0.187
5880.000	20.000	3998.047	0.187
5890.000	20.000	3998.047	0.166
5900.000	20.000	3998.047	0.166
5910.000	20.000	3998.047	0.166
5920.000	20.000	3990.234	0.159
5930.000	20.000	3990.234	0.159
5940.000	20.000	3990.234	0.159
5950.000	20.000	3990.234	0.177
5960.000	20.000	3990.234	0.177
5970.000	20.000	3990.234	0.177
5980.000	20.000	3994.141	0.165
5990.000	20.000	3994.141	0.165
6000.000	20.000	3994.141	0.165
6010.000	20.000	3998.047	0.166
6020.000	20.000	3998.047	0.166
6030.000	20.000	3998.047	0.166
6040.000	20.000	3998.047	0.146
6050.000	20.000	3998.047	0.146
6060.000	20.000	3998.047	0.146
6070.000	20.000	3962.891	0.147
6080.000	20.000	3962.891	0.147
6090.000	20.000	3962.891	0.147
6100.000	20.000	3998.047	0.062
6110.000	20.000	3998.047	0.062
6120.000	20.000	3998.047	0.062
6130.000	20.000	3970.703	0.025
6140.000	20.000	3970.703	0.025
6150.000	20.000	3970.703	0.025
6160.000	20.000	3962.891	-0.009
6170.000	20.000	3962.891	-0.009
6180.000	20.000	3962.891	-0.009
6190.000	20.000	3964.844	-0.012
6200.000	20.000	3964.844	-0.012
6210.000	20.000	3964.844	-0.012
6220.000	20.000	3953.125	-0.035
6230.000	20.000	3953.125	-0.035
6240.000	20.000	3953.125	-0.035
6250.000	20.000	3919.922	-0.026
6260.000	20.000	3919.922	-0.026
6270.000	20.000	3919.922	-0.026
6280.000	20.000	3912.109	-0.024
6290.000	20.000	3912.109	-0.024
6300.000	20.000	3912.109	-0.024
6310.000	20.000	3888.672	-0.049
6320.000	20.000	3888.672	-0.049
6330.000	20.000	3888.672	-0.049
6340.000	20.000	3880.859	-0.050
6350.000	20.000	3880.859	-0.050
6360.000	20.000	3880.859	-0.050
6370.000	20.000	3849.609	-0.032
6380.000	20.000	3849.609	-0.032
6390.000	20.000	3849.609	-0.032
6400.000	20.000	3865.234	-0.008
6410.000	20.000	3865.234	-0.008
6420.000	20.000	3865.234	-0.008
6430.000	20.000	3826.172	-0.021
6440.000	20.000	3826.172	-0.021
6450.000	20.000	3826.172	-0.021
6460.000	20.000	3814.453	-0.017
6470.000	20.000	3814.453	-0.017
6480.000	20.000	3814.453	-0.017
6490.000	20.000	3792.969	-0.042
6500.000	20.000	3792.969	-0.042
6510.000	20.000	3792.969	-0.042
6520.000	20.000	3775.391	-0.026
6530.000	20.000	3775.391	-0.026
6540.000	20.000	3775.391	-0.026
6550.000	20.000	3787.109	-0.032
6560.000	20.000	3787.109	-0.032
6570.000	20.000	3787.109	-0.032
6580.000	20.000	3765.625	-0.030
6590.000	20.000	3765.625	-0.030
6600.000	20.000	3765.625	-0.030
6610.000	20.000	3716.797	-0.026
6620.000	20.000	3716.797	-0.026
6630.000	20.000	3716.797	-0.026
6640.000	20.000	3695.312	-0.036
6650.000	20.000	3695.312	-0.036
6660.000	20.000	3695.312	-0.036
6670.000	20.000	3718.750	-0.037
6680.000	20.000	3718.750	-0.037
6690.000	20.000	3718.750	-0.037
6700.000	20.000	3675.781	-0.017
6710.000	20.000	3675.781	-0.017
6720.000	20.000	3675.781	-0.017
6730.000	20.000	3656.250	-0.030
6740.000	20.000	3656.250	-0.030
6750.000	20.000	3656.250	-0.030
6760.000	20.000	3666.016	-0.015
6770.000	20.000	3666.016	-0.015
6780.000	20.000	3666.016	-0.015
6790.000	20.000	3634.766	-0.009
6800.000	20.000	3634.766	-0.009
6810.000	20.000	3634.766	-0.009
6820.000	20.000	3591.797	-0.025
6830.000	20.000	3591.797	-0.025
6840.000	20.000	3591.797	-0.025
6850.000	20.000	3572.266	-0.016
6860.000	20.000	3572.266	-0.016
6870.000	20.000	3572.266	-0.016
6880.000	20.000	3580.078	-0.017
6890.000	20.000	3580.078	-0.017
6900.000	20.000	3580.078	-0.017
6910.000	20.000	3589.844	-0.021
6920.000	20.000	3589.844	-0.021
6930.000	20.000	3589.844	-0.021
6940.000	20.000	3539.062	-0.040
6950.000	20.000	3539.062	-0.040
6960.000	20.000	3539.062	-0.040
6970.000	20.000	3556.641	-0.034
6980.000	20.000	3556.641	-0.034
6990.000	20.000	3556.641	-0.034
7000.000	20.000	3519.531	-0.005
7010.000	20.000	3519.531	-0.005
7020.000	20.000	3519.531	-0.005
