%Time [ms]	Commanded Torque [mNm]	Angular Velocity [RPM]	Actual Current [Amp]	%2/17/20261:23 PM
0.000	0.000	0.000	0.000
20.000	10.000	-19.531	-0.017
30.000	10.000	-19.531	-0.017
40.000	10.000	-19.531	-0.017
50.000	10.000	-5.859	-0.027
60.000	10.000	-5.859	-0.027
70.000	10.000	-5.859	-0.027
80.000	10.000	-46.875	-0.021
90.000	10.000	-46.875	-0.021
100.000	10.000	-46.875	-0.021
110.000	10.000	-31.250	-0.021
120.000	10.000	-31.250	-0.021
130.000	10.000	-31.250	-0.021
140.000	10.000	-1.953	-0.011
150.000	10.000	-1.953	-0.011
160.000	10.000	-1.953	-0.011
170.000	10.000	-9.766	-0.012
180.000	10.000	-9.766	-0.012
190.000	10.000	-9.766	-0.012
200.000	10.000	-25.391	-0.045
210.000	10.000	-25.391	-0.045
220.000	10.000	-25.391	-0.045
230.000	10.000	0.000	-0.035
240.000	10.000	0.000	-0.035
250.000	10.000	0.000	-0.035
260.000	10.000	-39.062	-0.023
270.000	10.000	-39.062	-0.023
280.000	10.000	-39.062	-0.023
290.000	10.000	-11.719	-0.017
300.000	10.000	-11.719	-0.017
310.000	10.000	-11.719	-0.017
320.000	10.000	-3.906	-0.014
330.000	10.000	-3.906	-0.014
340.000	10.000	-3.906	-0.014
350.000	10.000	-25.391	-0.034
360.000	10.000	-25.391	-0.034
370.000	10.000	-25.391	-0.034
380.000	10.000	-9.766	-0.013
390.000	10.000	-9.766	-0.013
400.000	10.000	-9.766	-0.013
410.000	10.000	-15.625	-0.017
420.000	10.000	-15.625	-0.017
430.000	10.000	-15.625	-0.017
440.000	10.000	-58.594	-0.029
450.000	10.000	-58.594	-0.029
460.000	10.000	-58.594	-0.029
470.000	10.000	-11.719	-0.004
480.000	10.000	-11.719	-0.004
490.000	10.000	-11.719	-0.004
500.000	10.000	-27.344	-0.037
510.000	10.000	-27.344	-0.037
520.000	10.000	-27.344	-0.037
530.000	10.000	1.953	-0.021
540.000	10.000	1.953	-0.021
550.000	10.000	1.953	-0.021
560.000	10.000	-19.531	-0.020
570.000	10.000	-19.531	-0.020
580.000	10.000	-19.531	-0.020
590.000	10.000	-1.953	-0.044
600.000	10.000	-1.953	-0.044
610.000	10.000	-1.953	-0.044
620.000	10.000	-35.156	-0.021
630.000	10.000	-35.156	-0.021
640.000	10.000	-35.156	-0.021
650.000	10.000	-42.969	-0.017
660.000	10.000	-42.969	-0.017
670.000	10.000	-42.969	-0.017
680.000	10.000	-13.672	-0.005
690.000	10.000	-13.672	-0.005
700.000	10.000	-13.672	-0.005
710.000	10.000	-31.250	-0.020
720.000	10.000	-31.250	-0.020
730.000	10.000	-31.250	-0.020
740.000	10.000	-23.437	-0.011
750.000	10.000	-23.437	-0.011
760.000	10.000	-23.437	-0.011
770.000	10.000	-60.547	-0.027
780.000	10.000	-60.547	-0.027
790.000	10.000	-60.547	-0.027
800.000	10.000	-52.734	-0.018
810.000	10.000	-52.734	-0.018
820.000	10.000	-52.734	-0.018
830.000	10.000	-11.719	-0.030
840.000	10.000	-11.719	-0.030
850.000	10.000	-11.719	-0.030
860.000	10.000	-23.437	-0.012
870.000	10.000	-23.437	-0.012
880.000	10.000	-23.437	-0.012
890.000	10.000	-21.484	-0.024
900.000	10.000	-21.484	-0.024
910.000	10.000	-21.484	-0.024
920.000	10.000	-11.719	-0.009
930.000	10.000	-11.719	-0.009
940.000	10.000	-11.719	-0.009
950.000	10.000	-56.641	-0.023
960.000	10.000	-56.641	-0.023
970.000	10.000	-56.641	-0.023
980.000	10.000	-29.297	-0.038
990.000	10.000	-29.297	-0.038
1000.000	10.000	-29.297	-0.038
1010.000	10.000	-11.719	-0.037
1020.000	10.000	-11.719	-0.037
1030.000	10.000	-11.719	-0.037
1040.000	10.000	-50.781	-0.040
1050.000	10.000	-50.781	-0.040
1060.000	10.000	-50.781	-0.040
1070.000	10.000	-5.859	-0.031
1080.000	10.000	-5.859	-0.031
1090.000	10.000	-5.859	-0.031
1100.000	10.000	-3.906	0.124
1110.000	10.000	-3.906	0.124
1120.000	10.000	-3.906	0.124
1130.000	10.000	-23.437	0.210
1140.000	10.000	-23.437	0.210
1150.000	10.000	-23.437	0.210
1160.000	10.000	-17.578	0.255
1170.000	10.000	-17.578	0.255
1180.000	10.000	-17.578	0.255
1190.000	10.000	0.000	0.256
1200.000	10.000	0.000	0.256
1210.000	10.000	0.000	0.256
1220.000	10.000	25.391	0.263
1230.000	10.000	25.391	0.263
1240.000	10.000	25.391	0.263
1250.000	10.000	48.828	0.248
1260.000	10.000	48.828	0.248
1270.000	10.000	48.828	0.248
1280.000	10.000	95.703	0.285
1290.000	10.000	95.703	0.285
1300.000	10.000	95.703	0.285
1310.000	10.000	56.641	0.267
1320.000	10.000	56.641	0.267
1330.000	10.000	56.641	0.267
1340.000	10.000	156.250	0.272
1350.000	10.000	156.250	0.272
1360.000	10.000	156.250	0.272
1370.000	10.000	146.484	0.254
1380.000	10.000	146.484	0.254
1390.000	10.000	146.484	0.254
1400.000	10.000	144.531	0.263
1410.000	10.000	144.531	0.263
1420.000	10.000	144.531	0.263
1430.000	10.000	185.547	0.283
1440.000	10.000	185.547	0.283
1450.000	10.000	185.547	0.283
1460.000	10.000	199.219	0.257
1470.000	10.000	199.219	0.257
1480.000	10.000	199.219	0.257
1490.000	10.000	199.219	0.271
1500.000	10.000	199.219	0.271
1510.000	10.000	199.219	0.271
1520.000	10.000	224.609	0.281
1530.000	10.000	224.609	0.281
1540.000	10.000	224.609	0.281
1550.000	10.000	273.437	0.281
1560.000	10.000	273.437	0.281
1570.000	10.000	273.437	0.281
1580.000	10.000	259.766	0.299
1590.000	10.000	259.766	0.299
1600.000	10.000	259.766	0.299
1610.000	10.000	324.219	0.265
1620.000	10.000	324.219	0.265
1630.000	10.000	324.219	0.265
1640.000	10.000	333.984	0.260
1650.000	10.000	333.984	0.260
1660.000	10.000	333.984	0.260
1670.000	10.000	343.750	0.284
1680.000	10.000	343.750	0.284
1690.000	10.000	343.750	0.284
1700.000	10.000	380.859	0.285
1710.000	10.000	380.859	0.285
1720.000	10.000	380.859	0.285
1730.000	10.000	400.391	0.272
1740.000	10.000	400.391	0.272
1750.000	10.000	400.391	0.272
1760.000	10.000	417.969	0.263
1770.000	10.000	417.969	0.263
1780.000	10.000	417.969	0.263
1790.000	10.000	402.344	0.268
1800.000	10.000	402.344	0.268
1810.000	10.000	402.344	0.268
1820.000	10.000	396.484	0.255
1830.000	10.000	396.484	0.255
1840.000	10.000	396.484	0.255
1850.000	10.000	484.375	0.270
1860.000	10.000	484.375	0.270
1870.000	10.000	484.375	0.270
1880.000	10.000	464.844	0.270
1890.000	10.000	464.844	0.270
1900.000	10.000	464.844	0.270
1910.000	10.000	496.094	0.282
1920.000	10.000	496.094	0.282
1930.000	10.000	496.094	0.282
1940.000	10.000	515.625	0.268
1950.000	10.000	515.625	0.268
1960.000	10.000	515.625	0.268
1970.000	10.000	480.469	0.278
1980.000	10.000	480.469	0.278
1990.000	10.000	480.469	0.278
2000.000	10.000	517.578	0.282
2010.000	10.000	517.578	0.282
2020.000	10.000	517.578	0.282
2030.000	10.000	535.156	0.279
2040.000	10.000	535.156	0.279
2050.000	10.000	535.156	0.279
2060.000	10.000	591.797	0.281
2070.000	10.000	591.797	0.281
2080.000	10.000	591.797	0.281
2090.000	10.000	566.406	0.270
2100.000	10.000	566.406	0.270
2110.000	10.000	566.406	0.270
2120.000	10.000	607.422	0.272
2130.000	10.000	607.422	0.272
2140.000	10.000	607.422	0.272
2150.000	10.000	619.141	0.265
2160.000	10.000	619.141	0.265
2170.000	10.000	619.141	0.265
2180.000	10.000	673.828	0.280
2190.000	10.000	673.828	0.280
2200.000	10.000	673.828	0.280
2210.000	10.000	660.156	0.283
2220.000	10.000	660.156	0.283
2230.000	10.000	660.156	0.283
2240.000	10.000	681.641	0.283
2250.000	10.000	681.641	0.283
2260.000	10.000	681.641	0.283
2270.000	10.000	707.031	0.275
2280.000	10.000	707.031	0.275
2290.000	10.000	707.031	0.275
2300.000	10.000	720.703	0.266
2310.000	10.000	720.703	0.266
2320.000	10.000	720.703	0.266
2330.000	10.000	697.266	0.261
2340.000	10.000	697.266	0.261
2350.000	10.000	697.266	0.261
2360.000	10.000	761.719	0.283
2370.000	10.000	761.719	0.283
2380.000	10.000	761.719	0.283
2390.000	10.000	781.250	0.262
2400.000	10.000	781.250	0.262
2410.000	10.000	781.250	0.262
2420.000	10.000	796.875	0.283
2430.000	10.000	796.875	0.283
2440.000	10.000	796.875	0.283
2450.000	10.000	830.078	0.279
2460.000	10.000	830.078	0.279
2470.000	10.000	830.078	0.279
2480.000	10.000	832.031	0.272
2490.000	10.000	832.031	0.272
2500.000	10.000	832.031	0.272
2510.000	10.000	867.187	0.263
2520.000	10.000	867.187	0.263
2530.000	10.000	867.187	0.263
2540.000	10.000	843.750	0.277
2550.000	10.000	843.750	0.277
2560.000	10.000	843.750	0.277
2570.000	10.000	861.328	0.272
2580.000	10.000	861.328	0.272
2590.000	10.000	861.328	0.272
2600.000	10.000	853.516	0.252
2610.000	10.000	853.516	0.252
2620.000	10.000	853.516	0.252
2630.000	10.000	871.094	0.242
2640.000	10.000	871.094	0.242
2650.000	10.000	871.094	0.242
2660.000	10.000	949.219	0.270
2670.000	10.000	949.219	0.270
2680.000	10.000	949.219	0.270
2690.000	10.000	916.016	0.264
2700.000	10.000	916.016	0.264
2710.000	10.000	916.016	0.264
2720.000	10.000	933.594	0.250
2730.000	10.000	933.594	0.250
2740.000	10.000	933.594	0.250
2750.000	10.000	964.844	0.291
2760.000	10.000	964.844	0.291
2770.000	10.000	964.844	0.291
2780.000	10.000	990.234	0.273
2790.000	10.000	990.234	0.273
2800.000	10.000	990.234	0.273
2810.000	10.000	1025.391	0.278
2820.000	10.000	1025.391	0.278
2830.000	10.000	1025.391	0.278
2840.000	10.000	1007.812	0.275
2850.000	10.000	1007.812	0.275
2860.000	10.000	1007.812	0.275
2870.000	10.000	1035.156	0.253
2880.000	10.000	1035.156	0.253
2890.000	10.000	1035.156	0.253
2900.000	10.000	1072.266	0.278
2910.000	10.000	1072.266	0.278
2920.000	10.000	1072.266	0.278
2930.000	10.000	1093.750	0.270
2940.000	10.000	1093.750	0.270
2950.000	10.000	1093.750	0.270
2960.000	10.000	1111.328	0.265
2970.000	10.000	1111.328	0.265
2980.000	10.000	1111.328	0.265
2990.000	10.000	1070.312	0.256
3000.000	10.000	1070.312	0.256
3010.000	10.000	1070.312	0.256
3020.000	10.000	1115.234	0.268
3030.000	10.000	1115.234	0.268
3040.000	10.000	1115.234	0.268
3050.000	10.000	1138.672	0.278
3060.000	10.000	1138.672	0.278
3070.000	10.000	1138.672	0.278
3080.000	10.000	1136.719	0.257
3090.000	10.000	1136.719	0.257
3100.000	10.000	1136.719	0.257
3110.000	10.000	1175.781	0.264
3120.000	10.000	1175.781	0.264
3130.000	10.000	1175.781	0.264
3140.000	10.000	1171.875	0.286
3150.000	10.000	1171.875	0.286
3160.000	10.000	1171.875	0.286
3170.000	10.000	1189.453	0.271
3180.000	10.000	1189.453	0.271
3190.000	10.000	1189.453	0.271
3200.000	10.000	1173.828	0.286
3210.000	10.000	1173.828	0.286
3220.000	10.000	1173.828	0.286
3230.000	10.000	1214.844	0.268
3240.000	10.000	1214.844	0.268
3250.000	10.000	1214.844	0.268
3260.000	10.000	1230.469	0.246
3270.000	10.000	1230.469	0.246
3280.000	10.000	1230.469	0.246
3290.000	10.000	1273.437	0.251
3300.000	10.000	1273.437	0.251
3310.000	10.000	1273.437	0.251
3320.000	10.000	1302.734	0.278
3330.000	10.000	1302.734	0.278
3340.000	10.000	1302.734	0.278
3350.000	10.000	1312.500	0.254
3360.000	10.000	1312.500	0.254
3370.000	10.000	1312.500	0.254
3380.000	10.000	1337.891	0.271
3390.000	10.000	1337.891	0.271
3400.000	10.000	1337.891	0.271
3410.000	10.000	1343.750	0.273
3420.000	10.000	1343.750	0.273
3430.000	10.000	1343.750	0.273
3440.000	10.000	1337.891	0.264
3450.000	10.000	1337.891	0.264
3460.000	10.000	1337.891	0.264
3470.000	10.000	1333.984	0.277
3480.000	10.000	1333.984	0.277
3490.000	10.000	1333.984	0.277
3500.000	10.000	1367.187	0.263
3510.000	10.000	1367.187	0.263
3520.000	10.000	1367.187	0.263
3530.000	10.000	1406.250	0.259
3540.000	10.000	1406.250	0.259
3550.000	10.000	1406.250	0.259
3560.000	10.000	1419.922	0.270
3570.000	10.000	1419.922	0.270
3580.000	10.000	1419.922	0.270
3590.000	10.000	1412.109	0.271
3600.000	10.000	1412.109	0.271
3610.000	10.000	1412.109	0.271
3620.000	10.000	1398.437	0.272
3630.000	10.000	1398.437	0.272
3640.000	10.000	1398.437	0.272
3650.000	10.000	1437.500	0.262
3660.000	10.000	1437.500	0.262
3670.000	10.000	1437.500	0.262
3680.000	10.000	1488.281	0.253
3690.000	10.000	1488.281	0.253
3700.000	10.000	1488.281	0.253
3710.000	10.000	1490.234	0.279
3720.000	10.000	1490.234	0.279
3730.000	10.000	1490.234	0.279
3740.000	10.000	1482.422	0.287
3750.000	10.000	1482.422	0.287
3760.000	10.000	1482.422	0.287
3770.000	10.000	1503.906	0.270
3780.000	10.000	1503.906	0.270
3790.000	10.000	1503.906	0.270
3800.000	10.000	1552.734	0.270
3810.000	10.000	1552.734	0.270
3820.000	10.000	1552.734	0.270
3830.000	10.000	1539.062	0.270
3840.000	10.000	1539.062	0.270
3850.000	10.000	1539.062	0.270
3860.000	10.000	1568.359	0.257
3870.000	10.000	1568.359	0.257
3880.000	10.000	1568.359	0.257
3890.000	10.000	1558.594	0.237
3900.000	10.000	1558.594	0.237
3910.000	10.000	1558.594	0.237
3920.000	10.000	1580.078	0.259
3930.000	10.000	1580.078	0.259
3940.000	10.000	1580.078	0.259
3950.000	10.000	1607.422	0.259
3960.000	10.000	1607.422	0.259
3970.000	10.000	1607.422	0.259
3980.000	10.000	1605.469	0.259
3990.000	10.000	1605.469	0.259
4000.000	10.000	1605.469	0.259
4010.000	10.000	1593.750	0.262
4020.000	10.000	1593.750	0.262
4030.000	10.000	1593.750	0.262
4040.000	10.000	1654.297	0.271
4050.000	10.000	1654.297	0.271
4060.000	10.000	1654.297	0.271
4070.000	10.000	1660.156	0.258
4080.000	10.000	1660.156	0.258
4090.000	10.000	1660.156	0.258
4100.000	10.000	1664.062	0.278
4110.000	10.000	1664.062	0.278
4120.000	10.000	1664.062	0.278
4130.000	10.000	1697.266	0.269
4140.000	10.000	1697.266	0.269
4150.000	10.000	1697.266	0.269
4160.000	10.000	1699.219	0.266
4170.000	10.000	1699.219	0.266
4180.000	10.000	1699.219	0.266
4190.000	10.000	1708.984	0.251
4200.000	10.000	1708.984	0.251
4210.000	10.000	1708.984	0.251
4220.000	10.000	1724.609	0.262
4230.000	10.000	1724.609	0.262
4240.000	10.000	1724.609	0.262
4250.000	10.000	1728.516	0.270
4260.000	10.000	1728.516	0.270
4270.000	10.000	1728.516	0.270
4280.000	10.000	1746.094	0.256
4290.000	10.000	1746.094	0.256
4300.000	10.000	1746.094	0.256
4310.000	10.000	1789.062	0.284
4320.000	10.000	1789.062	0.284
4330.000	10.000	1789.062	0.284
4340.000	10.000	1794.922	0.258
4350.000	10.000	1794.922	0.258
4360.000	10.000	1794.922	0.258
4370.000	10.000	1841.797	0.267
4380.000	10.000	1841.797	0.267
4390.000	10.000	1841.797	0.267
4400.000	10.000	1820.312	0.268
4410.000	10.000	1820.312	0.268
4420.000	10.000	1820.312	0.268
4430.000	10.000	1861.328	0.254
4440.000	10.000	1861.328	0.254
4450.000	10.000	1861.328	0.254
4460.000	10.000	1830.078	0.273
4470.000	10.000	1830.078	0.273
4480.000	10.000	1830.078	0.273
4490.000	10.000	1869.141	0.258
4500.000	10.000	1869.141	0.258
4510.000	10.000	1869.141	0.258
4520.000	10.000	1896.484	0.263
4530.000	10.000	1896.484	0.263
4540.000	10.000	1896.484	0.263
4550.000	10.000	1890.625	0.288
4560.000	10.000	1890.625	0.288
4570.000	10.000	1890.625	0.288
4580.000	10.000	1914.062	0.275
4590.000	10.000	1914.062	0.275
4600.000	10.000	1914.062	0.275
4610.000	10.000	1888.672	0.280
4620.000	10.000	1888.672	0.280
4630.000	10.000	1888.672	0.280
4640.000	10.000	1945.312	0.292
4650.000	10.000	1945.312	0.292
4660.000	10.000	1945.312	0.292
4670.000	10.000	1949.219	0.260
4680.000	10.000	1949.219	0.260
4690.000	10.000	1949.219	0.260
4700.000	10.000	1951.172	0.244
4710.000	10.000	1951.172	0.244
4720.000	10.000	1951.172	0.244
4730.000	10.000	1972.656	0.255
4740.000	10.000	1972.656	0.255
4750.000	10.000	1972.656	0.255
4760.000	10.000	1986.328	0.266
4770.000	10.000	1986.328	0.266
4780.000	10.000	1986.328	0.266
4790.000	10.000	1972.656	0.271
4800.000	10.000	1972.656	0.271
4810.000	10.000	1972.656	0.271
4820.000	10.000	2000.000	0.252
4830.000	10.000	2000.000	0.252
4840.000	10.000	2000.000	0.252
4850.000	10.000	2005.859	0.248
4860.000	10.000	2005.859	0.248
4870.000	10.000	2005.859	0.248
4880.000	10.000	2033.203	0.287
4890.000	10.000	2033.203	0.287
4900.000	10.000	2033.203	0.287
4910.000	10.000	2037.109	0.245
4920.000	10.000	2037.109	0.245
4930.000	10.000	2037.109	0.245
4940.000	10.000	2085.937	0.279
4950.000	10.000	2085.937	0.279
4960.000	10.000	2085.937	0.279
4970.000	10.000	2085.937	0.274
4980.000	10.000	2085.937	0.274
4990.000	10.000	2085.937	0.274
5000.000	10.000	2044.922	0.277
5010.000	10.000	2044.922	0.277
5020.000	10.000	2044.922	0.277
5030.000	10.000	2138.672	0.279
5040.000	10.000	2138.672	0.279
5050.000	10.000	2138.672	0.279
5060.000	10.000	2134.766	0.278
5070.000	10.000	2134.766	0.278
5080.000	10.000	2134.766	0.278
5090.000	10.000	2132.812	0.284
5100.000	10.000	2132.812	0.284
5110.000	10.000	2132.812	0.284
5120.000	10.000	2166.016	0.244
5130.000	10.000	2166.016	0.244
5140.000	10.000	2166.016	0.244
5150.000	10.000	2117.187	0.280
5160.000	10.000	2117.187	0.280
5170.000	10.000	2117.187	0.280
5180.000	10.000	2195.312	0.270
5190.000	10.000	2195.312	0.270
5200.000	10.000	2195.312	0.270
5210.000	10.000	2160.156	0.245
5220.000	10.000	2160.156	0.245
5230.000	10.000	2160.156	0.245
5240.000	10.000	2216.797	0.253
5250.000	10.000	2216.797	0.253
5260.000	10.000	2216.797	0.253
5270.000	10.000	2228.516	0.251
5280.000	10.000	2228.516	0.251
5290.000	10.000	2228.516	0.251
5300.000	10.000	2224.609	0.259
5310.000	10.000	2224.609	0.259
5320.000	10.000	2224.609	0.259
5330.000	10.000	2257.812	0.264
5340.000	10.000	2257.812	0.264
5350.000	10.000	2257.812	0.264
5360.000	10.000	2259.766	0.256
5370.000	10.000	2259.766	0.256
5380.000	10.000	2259.766	0.256
5390.000	10.000	2292.969	0.259
5400.000	10.000	2292.969	0.259
5410.000	10.000	2292.969	0.259
5420.000	10.000	2265.625	0.284
5430.000	10.000	2265.625	0.284
5440.000	10.000	2265.625	0.284
5450.000	10.000	2269.531	0.279
5460.000	10.000	2269.531	0.279
5470.000	10.000	2269.531	0.279
5480.000	10.000	2304.687	0.239
5490.000	10.000	2304.687	0.239
5500.000	10.000	2304.687	0.239
5510.000	10.000	2326.172	0.293
5520.000	10.000	2326.172	0.293
5530.000	10.000	2326.172	0.293
5540.000	10.000	2355.469	0.256
5550.000	10.000	2355.469	0.256
5560.000	10.000	2355.469	0.256
5570.000	10.000	2345.703	0.239
5580.000	10.000	2345.703	0.239
5590.000	10.000	2345.703	0.239
5600.000	10.000	2375.000	0.277
5610.000	10.000	2375.000	0.277
5620.000	10.000	2375.000	0.277
5630.000	10.000	2382.812	0.277
5640.000	10.000	2382.812	0.277
5650.000	10.000	2382.812	0.277
5660.000	10.000	2417.969	0.261
5670.000	10.000	2417.969	0.261
5680.000	10.000	2417.969	0.261
5690.000	10.000	2396.484	0.265
5700.000	10.000	2396.484	0.265
5710.000	10.000	2396.484	0.265
5720.000	10.000	2404.297	0.272
5730.000	10.000	2404.297	0.272
5740.000	10.000	2404.297	0.272
5750.000	10.000	2419.922	0.254
5760.000	10.000	2419.922	0.254
5770.000	10.000	2419.922	0.254
5780.000	10.000	2457.031	0.254
5790.000	10.000	2457.031	0.254
5800.000	10.000	2457.031	0.254
5810.000	10.000	2453.125	0.258
5820.000	10.000	2453.125	0.258
5830.000	10.000	2453.125	0.258
5840.000	10.000	2498.047	0.276
5850.000	10.000	2498.047	0.276
5860.000	10.000	2498.047	0.276
5870.000	10.000	2498.047	0.256
5880.000	10.000	2498.047	0.256
5890.000	10.000	2498.047	0.256
5900.000	10.000	2484.375	0.246
5910.000	10.000	2484.375	0.246
5920.000	10.000	2484.375	0.246
5930.000	10.000	2486.328	0.267
5940.000	10.000	2486.328	0.267
5950.000	10.000	2486.328	0.267
5960.000	10.000	2496.094	0.241
5970.000	10.000	2496.094	0.241
5980.000	10.000	2496.094	0.241
5990.000	10.000	2525.391	0.259
6000.000	10.000	2525.391	0.259
6010.000	10.000	2525.391	0.259
6020.000	10.000	2541.016	0.278
6030.000	10.000	2541.016	0.278
6040.000	10.000	2541.016	0.278
6050.000	10.000	2546.875	0.271
6060.000	10.000	2546.875	0.271
6070.000	10.000	2546.875	0.271
6080.000	10.000	2560.547	0.263
6090.000	10.000	2560.547	0.263
6100.000	10.000	2560.547	0.263
6110.000	10.000	2570.312	0.092
6120.000	10.000	2570.312	0.092
6130.000	10.000	2570.312	0.092
6140.000	10.000	2533.203	0.026
6150.000	10.000	2533.203	0.026
6160.000	10.000	2533.203	0.026
6170.000	10.000	2517.578	-0.011
6180.000	10.000	2517.578	-0.011
6190.000	10.000	2517.578	-0.011
6200.000	10.000	2507.812	-0.021
6210.000	10.000	2507.812	-0.021
6220.000	10.000	2507.812	-0.021
6230.000	10.000	2544.922	-0.011
6240.000	10.000	2544.922	-0.011
6250.000	10.000	2544.922	-0.011
6260.000	10.000	2515.625	-0.032
6270.000	10.000	2515.625	-0.032
6280.000	10.000	2515.625	-0.032
6290.000	10.000	2515.625	-0.021
6300.000	10.000	2515.625	-0.021
6310.000	10.000	2515.625	-0.021
6320.000	10.000	2500.000	-0.012
6330.000	10.000	2500.000	-0.012
6340.000	10.000	2500.000	-0.012
6350.000	10.000	2474.609	-0.022
6360.000	10.000	2474.609	-0.022
6370.000	10.000	2474.609	-0.022
6380.000	10.000	2443.359	-0.041
6390.000	10.000	2443.359	-0.041
6400.000	10.000	2443.359	-0.041
6410.000	10.000	2464.844	-0.012
6420.000	10.000	2464.844	-0.012
6430.000	10.000	2464.844	-0.012
6440.000	10.000	2427.734	-0.001
6450.000	10.000	2427.734	-0.001
6460.000	10.000	2427.734	-0.001
6470.000	10.000	2398.437	-0.021
6480.000	10.000	2398.437	-0.021
6490.000	10.000	2398.437	-0.021
6500.000	10.000	2408.203	-0.035
6510.000	10.000	2408.203	-0.035
6520.000	10.000	2408.203	-0.035
6530.000	10.000	2365.234	-0.031
6540.000	10.000	2365.234	-0.031
6550.000	10.000	2365.234	-0.031
6560.000	10.000	2386.719	-0.019
6570.000	10.000	2386.719	-0.019
6580.000	10.000	2386.719	-0.019
6590.000	10.000	2390.625	-0.043
6600.000	10.000	2390.625	-0.043
6610.000	10.000	2390.625	-0.043
6620.000	10.000	2339.844	-0.022
6630.000	10.000	2339.844	-0.022
6640.000	10.000	2339.844	-0.022
6650.000	10.000	2361.328	-0.047
6660.000	10.000	2361.328	-0.047
6670.000	10.000	2361.328	-0.047
6680.000	10.000	2308.594	-0.026
6690.000	10.000	2308.594	-0.026
6700.000	10.000	2308.594	-0.026
6710.000	10.000	2335.937	-0.020
6720.000	10.000	2335.937	-0.020
6730.000	10.000	2335.937	-0.020
6740.000	10.000	2310.547	-0.034
6750.000	10.000	2310.547	-0.034
6760.000	10.000	2310.547	-0.034
6770.000	10.000	2269.531	-0.011
6780.000	10.000	2269.531	-0.011
6790.000	10.000	2269.531	-0.011
6800.000	10.000	2273.437	-0.030
6810.000	10.000	2273.437	-0.030
6820.000	10.000	2273.437	-0.030
6830.000	10.000	2283.203	-0.019
6840.000	10.000	2283.203	-0.019
6850.000	10.000	2283.203	-0.019
6860.000	10.000	2244.141	-0.021
6870.000	10.000	2244.141	-0.021
6880.000	10.000	2244.141	-0.021
6890.000	10.000	2234.375	-0.013
6900.000	10.000	2234.375	-0.013
6910.000	10.000	2234.375	-0.013
6920.000	10.000	2226.562	-0.014
6930.000	10.000	2226.562	-0.014
6940.000	10.000	2226.562	-0.014
6950.000	10.000	2195.312	-0.021
6960.000	10.000	2195.312	-0.021
6970.000	10.000	2195.312	-0.021
6980.000	10.000	2183.594	-0.042
6990.000	10.000	2183.594	-0.042
7000.000	10.000	2183.594	-0.042
7010.000	10.000	2177.734	-0.047
7020.000	10.000	2177.734	-0.047
