%Time [ms]	Commanded Torque [mNm]	Angular Velocity [RPM]	Actual Current [Amp]	%2/10/20261:33 PM
0.000	0.000	0.000	0.000
20.000	2.000	0.000	0.003
30.000	2.000	0.000	0.002
40.000	2.000	0.000	0.002
50.000	2.000	0.000	0.004
60.000	2.000	-0.073	0.004
70.000	2.000	-0.073	0.006
80.000	2.000	-0.073	0.007
90.000	2.000	-0.073	0.004
100.000	2.000	-0.073	0.004
110.000	2.000	-0.073	0.003
120.000	2.000	-0.073	0.002
130.000	2.000	-0.073	0.001
140.000	2.000	-0.073	0.001
150.000	2.000	0.000	-0.000
160.000	2.000	0.000	0.001
170.000	2.000	0.000	0.002
180.000	2.000	0.000	0.002
190.000	2.000	0.000	0.003
200.000	2.000	0.000	0.003
210.000	2.000	0.000	0.006
220.000	2.000	0.000	0.004
230.000	2.000	0.000	0.004
240.000	2.000	0.000	0.006
250.000	2.000	0.000	0.004
260.000	2.000	0.000	0.003
270.000	2.000	0.000	0.001
280.000	2.000	0.000	0.003
290.000	2.000	0.000	0.001
300.000	2.000	0.000	-0.000
310.000	2.000	0.000	-0.000
320.000	2.000	0.000	0.001
330.000	2.000	0.000	0.002
340.000	2.000	0.000	0.002
350.000	2.000	0.000	0.001
360.000	2.000	0.000	0.004
370.000	2.000	0.000	0.006
380.000	2.000	0.000	0.007
390.000	2.000	0.000	0.004
400.000	2.000	0.000	0.004
410.000	2.000	0.000	0.002
420.000	2.000	0.000	0.003
430.000	2.000	0.000	-0.000
440.000	2.000	0.000	-0.000
450.000	2.000	0.000	-0.000
460.000	2.000	0.000	-0.002
470.000	2.000	0.000	0.002
480.000	2.000	0.000	0.003
490.000	2.000	0.000	0.001
500.000	2.000	0.000	0.002
510.000	2.000	0.000	0.008
520.000	2.000	0.000	0.004
530.000	2.000	0.000	0.007
540.000	2.000	0.000	0.006
550.000	2.000	0.000	0.004
560.000	2.000	0.000	0.003
570.000	2.000	0.000	0.002
580.000	2.000	0.000	-0.000
590.000	2.000	0.000	-0.000
600.000	2.000	0.000	-0.000
610.000	2.000	0.000	-0.000
620.000	2.000	0.000	-0.000
630.000	2.000	0.000	0.002
640.000	2.000	0.000	0.004
650.000	2.000	0.000	0.004
660.000	2.000	0.000	0.004
670.000	2.000	0.000	0.006
680.000	2.000	0.000	0.006
690.000	2.000	0.000	0.004
700.000	2.000	0.000	0.003
710.000	2.000	0.000	0.003
720.000	2.000	0.000	0.004
730.000	2.000	0.000	0.001
740.000	2.000	0.000	0.001
750.000	2.000	0.000	-0.000
760.000	2.000	0.000	0.003
770.000	2.000	0.000	0.003
780.000	2.000	0.000	0.002
790.000	2.000	0.000	0.006
800.000	2.000	0.000	0.006
810.000	2.000	0.000	0.003
820.000	2.000	0.000	0.004
830.000	2.000	0.000	0.004
840.000	2.000	0.000	0.007
850.000	2.000	0.000	0.003
860.000	2.000	0.000	0.003
870.000	2.000	0.000	0.004
880.000	2.000	0.000	0.001
890.000	2.000	0.000	-0.000
900.000	2.000	0.000	-0.000
910.000	2.000	0.000	0.001
920.000	2.000	0.000	0.003
930.000	2.000	0.000	0.004
940.000	2.000	0.000	0.004
950.000	2.000	0.000	0.003
960.000	2.000	0.000	0.004
970.000	2.000	0.000	0.004
980.000	2.000	0.000	0.002
990.000	2.000	0.000	0.002
1000.000	2.000	0.000	0.002
1010.000	2.000	0.000	-0.000
1020.000	2.000	0.000	-0.002
1030.000	2.000	0.000	0.002
1040.000	2.000	0.000	0.002
1050.000	2.000	0.000	0.019
1060.000	2.000	0.000	0.050
1070.000	2.000	0.000	0.050
1080.000	2.000	0.000	0.054
1090.000	2.000	-0.073	0.067
1100.000	2.000	-0.073	0.067
1110.000	2.000	-0.073	0.073
1120.000	2.000	-0.146	0.076
1130.000	2.000	-0.146	0.076
1140.000	2.000	-0.146	0.079
1150.000	2.000	-0.220	0.080
1160.000	2.000	-0.220	0.079
1170.000	2.000	-0.293	0.079
1180.000	2.000	-0.366	0.081
1190.000	2.000	-0.293	0.080
1200.000	2.000	-0.374	0.081
1210.000	2.000	-0.374	0.079
1220.000	2.000	-0.448	0.080
1230.000	2.000	-0.448	0.080
1240.000	2.000	-0.521	0.083
1250.000	2.000	-0.448	0.083
1260.000	2.000	-0.529	0.083
1270.000	2.000	-0.456	0.083
1280.000	2.000	-0.456	0.081
1290.000	2.000	-0.529	0.083
1300.000	2.000	-0.521	0.083
1310.000	2.000	-0.521	0.083
1320.000	2.000	-0.529	0.079
1330.000	2.000	-0.529	0.081
1340.000	2.000	-0.529	0.081
1350.000	2.000	-0.529	0.080
1360.000	2.000	-0.594	0.079
1370.000	2.000	-0.594	0.079
1380.000	2.000	-0.594	0.079
1390.000	2.000	-0.521	0.083
1400.000	2.000	-0.521	0.083
1410.000	2.000	-0.594	0.081
1420.000	2.000	-0.586	0.083
1430.000	2.000	-0.586	0.083
1440.000	2.000	-0.586	0.081
1450.000	2.000	-0.586	0.079
1460.000	2.000	-0.586	0.079
1470.000	2.000	-0.586	0.080
1480.000	2.000	-0.732	0.081
1490.000	2.000	-0.732	0.081
1500.000	2.000	-0.732	0.080
1510.000	2.000	-0.732	0.081
1520.000	2.000	-0.732	0.081
1530.000	2.000	-0.732	0.083
1540.000	2.000	-0.659	0.083
1550.000	2.000	-0.659	0.083
1560.000	2.000	-0.732	0.083
1570.000	2.000	-0.659	0.084
1580.000	2.000	-0.659	0.084
1590.000	2.000	-0.586	0.083
1600.000	2.000	-0.586	0.080
1610.000	2.000	-0.586	0.080
1620.000	2.000	-0.439	0.080
1630.000	2.000	-0.439	0.080
1640.000	2.000	-0.439	0.080
1650.000	2.000	-0.439	0.081
1660.000	2.000	-0.293	0.081
1670.000	2.000	-0.293	0.081
1680.000	2.000	-0.366	0.083
1690.000	2.000	-0.220	0.083
1700.000	2.000	-0.220	0.083
1710.000	2.000	-0.220	0.080
1720.000	2.000	-0.146	0.083
1730.000	2.000	-0.146	0.083
1740.000	2.000	-0.220	0.080
1750.000	2.000	-0.146	0.080
1760.000	2.000	-0.146	0.080
1770.000	2.000	-0.146	0.079
1780.000	2.000	-0.073	0.079
1790.000	2.000	-0.073	0.079
1800.000	2.000	-0.073	0.081
1810.000	2.000	-0.073	0.084
1820.000	2.000	-0.073	0.083
1830.000	2.000	-0.073	0.083
1840.000	2.000	0.000	0.083
1850.000	2.000	0.000	0.083
1860.000	2.000	0.000	0.081
1870.000	2.000	0.000	0.083
1880.000	2.000	0.000	0.081
1890.000	2.000	0.000	0.079
1900.000	2.000	0.000	0.079
1910.000	2.000	0.000	0.079
1920.000	2.000	0.000	0.078
1930.000	2.000	0.000	0.080
1940.000	2.000	0.000	0.081
1950.000	2.000	0.000	0.084
1960.000	2.000	0.000	0.084
1970.000	2.000	0.067	0.081
1980.000	2.000	0.067	0.083
1990.000	2.000	0.067	0.081
2000.000	2.000	0.067	0.081
2010.000	2.000	0.148	0.079
2020.000	2.000	0.148	0.079
2030.000	2.000	0.148	0.080
2040.000	2.000	0.148	0.081
2050.000	2.000	0.221	0.080
2060.000	2.000	0.221	0.080
2070.000	2.000	0.155	0.083
2080.000	2.000	0.228	0.083
2090.000	2.000	0.228	0.081
2100.000	2.000	0.228	0.083
2110.000	2.000	0.146	0.084
2120.000	2.000	0.213	0.080
2130.000	2.000	0.213	0.081
2140.000	2.000	0.286	0.079
2150.000	2.000	0.213	0.081
2160.000	2.000	0.213	0.080
2170.000	2.000	0.286	0.079
2180.000	2.000	0.213	0.078
2190.000	2.000	0.213	0.079
2200.000	2.000	0.286	0.081
2210.000	2.000	0.286	0.081
2220.000	2.000	0.220	0.080
2230.000	2.000	0.293	0.083
2240.000	2.000	0.220	0.081
2250.000	2.000	0.293	0.083
2260.000	2.000	0.293	0.084
2270.000	2.000	0.220	0.079
2280.000	2.000	0.293	0.079
2290.000	2.000	0.293	0.080
2300.000	2.000	0.220	0.080
2310.000	2.000	0.220	0.078
2320.000	2.000	0.293	0.079
2330.000	2.000	0.220	0.081
2340.000	2.000	0.220	0.083
2350.000	2.000	0.146	0.081
2360.000	2.000	0.146	0.083
2370.000	2.000	0.146	0.081
2380.000	2.000	0.146	0.083
2390.000	2.000	0.146	0.083
2400.000	2.000	0.146	0.081
2410.000	2.000	0.146	0.079
2420.000	2.000	0.073	0.078
2430.000	2.000	0.073	0.079
2440.000	2.000	0.073	0.080
2450.000	2.000	0.073	0.080
2460.000	2.000	0.073	0.084
2470.000	2.000	0.073	0.083
2480.000	2.000	0.000	0.080
2490.000	2.000	0.000	0.084
2500.000	2.000	0.000	0.081
2510.000	2.000	0.000	0.081
2520.000	2.000	0.000	0.080
2530.000	2.000	0.000	0.080
2540.000	2.000	0.000	0.080
2550.000	2.000	-0.073	0.081
2560.000	2.000	-0.073	0.078
2570.000	2.000	-0.073	0.078
2580.000	2.000	-0.073	0.080
2590.000	2.000	-0.146	0.083
2600.000	2.000	-0.146	0.083
2610.000	2.000	-0.146	0.081
2620.000	2.000	-0.146	0.081
2630.000	2.000	-0.146	0.081
2640.000	2.000	-0.220	0.081
2650.000	2.000	-0.146	0.080
2660.000	2.000	-0.146	0.080
2670.000	2.000	-0.220	0.080
2680.000	2.000	-0.220	0.081
2690.000	2.000	-0.220	0.081
2700.000	2.000	-0.146	0.080
2710.000	2.000	-0.220	0.083
2720.000	2.000	-0.220	0.083
2730.000	2.000	-0.220	0.083
2740.000	2.000	-0.146	0.080
2750.000	2.000	-0.146	0.080
2760.000	2.000	-0.220	0.083
2770.000	2.000	-0.146	0.080
2780.000	2.000	-0.146	0.080
2790.000	2.000	-0.146	0.080
2800.000	2.000	-0.146	0.081
2810.000	2.000	-0.146	0.081
2820.000	2.000	-0.146	0.081
2830.000	2.000	-0.146	0.083
2840.000	2.000	-0.146	0.083
2850.000	2.000	-0.146	0.081
2860.000	2.000	-0.146	0.081
2870.000	2.000	-0.146	0.081
2880.000	2.000	-0.146	0.084
2890.000	2.000	-0.073	0.079
2900.000	2.000	-0.073	0.079
2910.000	2.000	-0.073	0.078
2920.000	2.000	-0.073	0.079
2930.000	2.000	-0.073	0.079
2940.000	2.000	-0.073	0.080
2950.000	2.000	0.000	0.081
2960.000	2.000	0.000	0.081
2970.000	2.000	-0.073	0.081
2980.000	2.000	-0.073	0.080
2990.000	2.000	-0.073	0.080
3000.000	2.000	-0.073	0.081
3010.000	2.000	-0.073	0.081
3020.000	2.000	-0.073	0.081
3030.000	2.000	-0.073	0.078
3040.000	2.000	-0.073	0.079
3050.000	2.000	-0.073	0.079
3060.000	2.000	-0.073	0.079
3070.000	2.000	0.000	0.080
3080.000	2.000	0.000	0.081
3090.000	2.000	0.000	0.080
3100.000	2.000	0.000	0.084
3110.000	2.000	0.000	0.083
3120.000	2.000	0.000	0.084
3130.000	2.000	0.000	0.081
3140.000	2.000	0.000	0.081
3150.000	2.000	0.000	0.080
3160.000	2.000	0.073	0.080
3170.000	2.000	0.073	0.080
3180.000	2.000	0.073	0.079
3190.000	2.000	0.073	0.083
3200.000	2.000	0.073	0.083
3210.000	2.000	0.073	0.083
3220.000	2.000	0.073	0.081
3230.000	2.000	0.073	0.081
3240.000	2.000	0.146	0.083
3250.000	2.000	0.073	0.084
3260.000	2.000	0.073	0.084
3270.000	2.000	0.073	0.080
3280.000	2.000	0.073	0.081
3290.000	2.000	0.073	0.081
3300.000	2.000	0.155	0.081
3310.000	2.000	0.155	0.081
3320.000	2.000	0.155	0.084
3330.000	2.000	0.155	0.081
3340.000	2.000	0.081	0.083
3350.000	2.000	0.081	0.083
3360.000	2.000	0.081	0.081
3370.000	2.000	0.081	0.081
3380.000	2.000	0.081	0.084
3390.000	2.000	0.155	0.079
3400.000	2.000	0.073	0.080
3410.000	2.000	0.073	0.080
3420.000	2.000	0.073	0.081
3430.000	2.000	0.073	0.079
3440.000	2.000	0.073	0.084
3450.000	2.000	0.073	0.083
3460.000	2.000	0.073	0.084
3470.000	2.000	0.073	0.081
3480.000	2.000	0.073	0.081
3490.000	2.000	0.000	0.084
3500.000	2.000	0.000	0.081
3510.000	2.000	0.000	0.079
3520.000	2.000	0.000	0.079
3530.000	2.000	0.000	0.080
3540.000	2.000	0.000	0.079
3550.000	2.000	0.000	0.079
3560.000	2.000	0.000	0.083
3570.000	2.000	0.000	0.081
3580.000	2.000	0.000	0.081
3590.000	2.000	0.000	0.083
3600.000	2.000	0.000	0.084
3610.000	2.000	0.000	0.081
3620.000	2.000	0.000	0.079
3630.000	2.000	0.000	0.080
3640.000	2.000	0.000	0.079
3650.000	2.000	0.000	0.079
3660.000	2.000	0.000	0.080
3670.000	2.000	0.000	0.079
3680.000	2.000	0.000	0.083
3690.000	2.000	0.000	0.080
3700.000	2.000	0.000	0.083
3710.000	2.000	0.000	0.083
3720.000	2.000	-0.081	0.085
3730.000	2.000	-0.081	0.083
3740.000	2.000	-0.081	0.078
3750.000	2.000	-0.081	0.078
3760.000	2.000	-0.081	0.081
3770.000	2.000	-0.081	0.081
3780.000	2.000	-0.081	0.080
3790.000	2.000	-0.081	0.080
3800.000	2.000	-0.081	0.081
3810.000	2.000	-0.081	0.081
3820.000	2.000	0.000	0.084
3830.000	2.000	-0.073	0.081
3840.000	2.000	-0.073	0.081
3850.000	2.000	-0.073	0.080
3860.000	2.000	-0.073	0.081
3870.000	2.000	-0.073	0.080
3880.000	2.000	-0.073	0.079
3890.000	2.000	-0.073	0.079
3900.000	2.000	-0.073	0.080
3910.000	2.000	-0.073	0.081
3920.000	2.000	-0.073	0.083
3930.000	2.000	0.000	0.083
3940.000	2.000	0.000	0.081
3950.000	2.000	0.000	0.083
3960.000	2.000	0.000	0.083
3970.000	2.000	0.000	0.083
3980.000	2.000	0.000	0.079
3990.000	2.000	0.000	0.081
4000.000	2.000	0.000	0.080
4010.000	2.000	0.000	0.081
4020.000	2.000	0.000	0.080
4030.000	2.000	0.000	0.080
4040.000	2.000	0.000	0.081
4050.000	2.000	0.000	0.084
4060.000	2.000	0.000	0.080
4070.000	2.000	0.000	0.083
4080.000	2.000	0.000	0.080
4090.000	2.000	0.000	0.080
4100.000	2.000	0.000	0.080
4110.000	2.000	0.000	0.079
4120.000	2.000	0.000	0.079
4130.000	2.000	0.000	0.079
4140.000	2.000	0.000	0.081
4150.000	2.000	0.000	0.083
4160.000	2.000	0.000	0.083
4170.000	2.000	0.000	0.081
4180.000	2.000	0.000	0.084
4190.000	2.000	0.000	0.081
4200.000	2.000	0.000	0.079
4210.000	2.000	0.000	0.080
4220.000	2.000	0.000	0.079
4230.000	2.000	0.000	0.079
4240.000	2.000	0.000	0.081
4250.000	2.000	0.000	0.080
4260.000	2.000	0.000	0.080
4270.000	2.000	0.000	0.079
4280.000	2.000	0.000	0.081
4290.000	2.000	0.000	0.080
4300.000	2.000	0.073	0.081
4310.000	2.000	0.073	0.081
4320.000	2.000	0.073	0.079
4330.000	2.000	0.073	0.079
4340.000	2.000	0.073	0.079
4350.000	2.000	0.073	0.079
4360.000	2.000	0.073	0.080
4370.000	2.000	0.073	0.080
4380.000	2.000	0.073	0.078
4390.000	2.000	0.073	0.080
4400.000	2.000	0.000	0.080
4410.000	2.000	0.000	0.080
4420.000	2.000	0.000	0.078
4430.000	2.000	0.000	0.080
4440.000	2.000	0.000	0.079
4450.000	2.000	0.000	0.079
4460.000	2.000	0.000	0.080
4470.000	2.000	0.000	0.080
4480.000	2.000	0.000	0.079
4490.000	2.000	0.000	0.079
4500.000	2.000	0.000	0.080
4510.000	2.000	0.000	0.079
4520.000	2.000	0.000	0.080
4530.000	2.000	0.000	0.080
4540.000	2.000	0.000	0.079
4550.000	2.000	0.000	0.080
4560.000	2.000	0.000	0.081
4570.000	2.000	0.000	0.079
4580.000	2.000	0.000	0.080
4590.000	2.000	0.000	0.080
4600.000	2.000	0.000	0.079
4610.000	2.000	0.000	0.079
4620.000	2.000	0.000	0.079
4630.000	2.000	0.000	0.080
4640.000	2.000	0.000	0.080
4650.000	2.000	0.000	0.079
4660.000	2.000	0.000	0.080
4670.000	2.000	0.000	0.079
4680.000	2.000	0.000	0.080
4690.000	2.000	0.000	0.079
4700.000	2.000	0.000	0.080
4710.000	2.000	0.000	0.079
4720.000	2.000	0.000	0.081
4730.000	2.000	0.000	0.078
4740.000	2.000	0.000	0.081
4750.000	2.000	0.000	0.079
4760.000	2.000	0.000	0.080
4770.000	2.000	0.000	0.081
4780.000	2.000	0.000	0.085
4790.000	2.000	0.000	0.084
4800.000	2.000	0.000	0.085
4810.000	2.000	0.000	0.084
4820.000	2.000	0.000	0.084
4830.000	2.000	0.000	0.084
4840.000	2.000	0.000	0.086
4850.000	2.000	0.000	0.084
4860.000	2.000	-0.081	0.085
4870.000	2.000	-0.081	0.086
4880.000	2.000	-0.081	0.086
4890.000	2.000	-0.081	0.085
4900.000	2.000	-0.081	0.085
4910.000	2.000	-0.081	0.085
4920.000	2.000	-0.081	0.085
4930.000	2.000	-0.081	0.083
4940.000	2.000	-0.081	0.086
4950.000	2.000	-0.081	0.085
4960.000	2.000	0.000	0.084
4970.000	2.000	0.000	0.087
4980.000	2.000	0.000	0.085
4990.000	2.000	0.000	0.084
5000.000	2.000	0.000	0.084
5010.000	2.000	0.000	0.084
5020.000	2.000	0.000	0.085
5030.000	2.000	0.000	0.085
5040.000	2.000	0.000	0.085
5050.000	2.000	0.000	0.084
5060.000	2.000	0.000	0.086
5070.000	2.000	0.000	0.084
5080.000	2.000	0.000	0.086
5090.000	2.000	0.000	0.084
5100.000	2.000	0.000	0.084
5110.000	2.000	0.000	0.085
5120.000	2.000	0.000	0.086
5130.000	2.000	0.000	0.083
5140.000	2.000	0.000	0.085
5150.000	2.000	0.000	0.085
5160.000	2.000	0.000	0.084
5170.000	2.000	0.000	0.086
5180.000	2.000	0.000	0.085
5190.000	2.000	0.000	0.083
5200.000	2.000	0.000	0.083
5210.000	2.000	0.000	0.085
5220.000	2.000	0.000	0.086
5230.000	2.000	0.000	0.084
5240.000	2.000	0.000	0.086
5250.000	2.000	0.000	0.084
5260.000	2.000	0.000	0.086
5270.000	2.000	0.000	0.084
5280.000	2.000	0.000	0.083
5290.000	2.000	0.000	0.084
5300.000	2.000	0.000	0.084
5310.000	2.000	0.000	0.085
5320.000	2.000	0.000	0.084
5330.000	2.000	0.000	0.086
5340.000	2.000	0.000	0.086
5350.000	2.000	0.000	0.085
5360.000	2.000	0.000	0.086
5370.000	2.000	0.000	0.085
5380.000	2.000	0.000	0.085
5390.000	2.000	0.000	0.085
5400.000	2.000	0.000	0.084
5410.000	2.000	0.000	0.086
5420.000	2.000	0.000	0.086
5430.000	2.000	0.000	0.085
5440.000	2.000	0.000	0.084
5450.000	2.000	0.000	0.084
5460.000	2.000	0.000	0.084
5470.000	2.000	0.000	0.084
5480.000	2.000	0.000	0.084
5490.000	2.000	0.000	0.083
5500.000	2.000	0.000	0.084
5510.000	2.000	0.000	0.084
5520.000	2.000	0.000	0.081
5530.000	2.000	0.000	0.081
5540.000	2.000	0.000	0.081
5550.000	2.000	0.000	0.084
5560.000	2.000	0.000	0.084
5570.000	2.000	0.000	0.084
5580.000	2.000	0.000	0.081
5590.000	2.000	0.000	0.078
5600.000	2.000	0.000	0.078
5610.000	2.000	0.000	0.079
5620.000	2.000	0.000	0.079
5630.000	2.000	0.000	0.079
5640.000	2.000	0.000	0.081
5650.000	2.000	0.000	0.079
5660.000	2.000	0.000	0.079
5670.000	2.000	0.000	0.081
5680.000	2.000	0.000	0.079
5690.000	2.000	0.000	0.079
5700.000	2.000	0.000	0.079
5710.000	2.000	0.000	0.081
5720.000	2.000	0.000	0.081
5730.000	2.000	0.073	0.081
5740.000	2.000	0.073	0.080
5750.000	2.000	0.073	0.080
5760.000	2.000	0.073	0.080
5770.000	2.000	0.073	0.079
5780.000	2.000	0.073	0.079
5790.000	2.000	0.073	0.078
5800.000	2.000	0.073	0.079
5810.000	2.000	0.073	0.079
5820.000	2.000	0.073	0.080
5830.000	2.000	0.000	0.080
5840.000	2.000	0.000	0.080
5850.000	2.000	0.000	0.080
5860.000	2.000	0.000	0.080
5870.000	2.000	0.000	0.080
5880.000	2.000	0.000	0.079
5890.000	2.000	0.000	0.079
5900.000	2.000	0.000	0.079
5910.000	2.000	0.000	0.081
5920.000	2.000	0.000	0.078
5930.000	2.000	0.000	0.078
5940.000	2.000	0.000	0.081
5950.000	2.000	0.000	0.080
5960.000	2.000	0.000	0.080
5970.000	2.000	0.000	0.081
5980.000	2.000	0.000	0.081
5990.000	2.000	0.000	0.081
6000.000	2.000	0.000	0.079
6010.000	2.000	0.000	0.080
6020.000	2.000	0.000	0.080
6030.000	2.000	0.000	0.079
6040.000	2.000	0.000	0.080
6050.000	2.000	0.000	0.069
6060.000	2.000	0.000	0.069
6070.000	2.000	0.000	0.037
6080.000	2.000	0.000	0.028
6090.000	2.000	0.000	0.018
6100.000	2.000	0.000	0.018
6110.000	2.000	0.000	0.015
6120.000	2.000	0.073	0.013
6130.000	2.000	0.073	0.007
6140.000	2.000	0.140	0.008
6150.000	2.000	0.140	0.006
6160.000	2.000	0.213	0.006
6170.000	2.000	0.213	0.004
6180.000	2.000	0.286	0.002
6190.000	2.000	0.360	0.003
6200.000	2.000	0.360	0.001
6210.000	2.000	0.441	0.003
6220.000	2.000	0.441	0.002
6230.000	2.000	0.514	0.002
6240.000	2.000	0.521	0.003
6250.000	2.000	0.521	-0.000
6260.000	2.000	0.514	-0.000
6270.000	2.000	0.596	0.004
6280.000	2.000	0.596	-0.002
6290.000	2.000	0.589	-0.002
6300.000	2.000	0.589	0.002
6310.000	2.000	0.581	0.003
6320.000	2.000	0.574	0.006
6330.000	2.000	0.582	0.007
6340.000	2.000	0.582	0.006
6350.000	2.000	0.582	0.004
6360.000	2.000	0.597	0.003
6370.000	2.000	0.589	0.003
6380.000	2.000	0.582	-0.000
6390.000	2.000	0.516	-0.002
6400.000	2.000	0.589	0.001
6410.000	2.000	0.582	-0.000
6420.000	2.000	0.597	-0.000
6430.000	2.000	0.589	0.001
6440.000	2.000	0.582	-0.000
6450.000	2.000	0.582	0.002
6460.000	2.000	0.574	0.002
6470.000	2.000	0.567	0.003
6480.000	2.000	0.582	0.006
6490.000	2.000	0.655	0.004
6500.000	2.000	0.649	0.004
6510.000	2.000	0.664	0.006
6520.000	2.000	0.655	0.003
6530.000	2.000	0.649	0.006
6540.000	2.000	0.664	0.006
6550.000	2.000	0.737	0.006
6560.000	2.000	0.730	0.003
6570.000	2.000	0.745	0.004
6580.000	2.000	0.664	0.006
6590.000	2.000	0.657	0.006
6600.000	2.000	0.672	0.004
6610.000	2.000	0.664	0.006
6620.000	2.000	0.590	0.007
6630.000	2.000	0.605	0.006
6640.000	2.000	0.524	0.003
6650.000	2.000	0.517	0.004
6660.000	2.000	0.451	0.004
6670.000	2.000	0.442	0.006
6680.000	2.000	0.442	0.004
6690.000	2.000	0.457	0.006
6700.000	2.000	0.376	0.007
6710.000	2.000	0.303	0.004
6720.000	2.000	0.303	0.006
6730.000	2.000	0.294	0.006
6740.000	2.000	0.294	0.006
6750.000	2.000	0.228	0.006
6760.000	2.000	0.228	0.006
6770.000	2.000	0.155	0.003
6780.000	2.000	0.155	0.004
6790.000	2.000	0.073	0.006
6800.000	2.000	0.073	0.006
6810.000	2.000	0.155	0.006
6820.000	2.000	0.155	0.004
6830.000	2.000	0.081	0.004
6840.000	2.000	0.081	0.006
6850.000	2.000	0.081	0.004
6860.000	2.000	0.081	0.004
6870.000	2.000	0.081	0.006
6880.000	2.000	0.081	0.004
6890.000	2.000	0.081	0.004
6900.000	2.000	0.081	0.004
6910.000	2.000	0.000	0.004
6920.000	2.000	0.000	0.006
6930.000	2.000	-0.081	0.006
6940.000	2.000	-0.081	0.004
6950.000	2.000	-0.081	0.001
6960.000	2.000	-0.081	0.002
6970.000	2.000	-0.081	0.002
6980.000	2.000	-0.155	-0.000
6990.000	2.000	-0.155	-0.000
7000.000	2.000	-0.155	-0.000
7010.000	2.000	-0.228	-0.000
7020.000	2.000	-0.228	-0.000
