%ArduinoTime [ms]	Reference Position [rad]	Measured Position [rad]	Actual Current [A]	Proportional Gain [Kp]	Derivative Gain [Kd]	Integral Gain [Ki]	%2/24/20261:43 PM
0.000	0.000	0.000	0.000	0.000	0.000	0.000
1166105.000	0.000	-0.010	0.000	74.799	26.140	0.000
1166105.000	0.000	-0.010	0.000	74.799	26.140	0.000
1166105.000	0.000	-0.010	0.000	74.799	26.140	0.000
1166135.000	0.000	-0.010	0.000	74.799	26.140	0.000
1166135.000	0.000	-0.010	0.000	74.799	26.140	0.000
1166135.000	0.000	-0.010	0.000	74.799	26.140	0.000
1166165.000	0.000	-0.010	0.000	74.799	26.140	0.000
1166165.000	0.000	-0.010	0.000	74.799	26.140	0.000
1166165.000	0.000	-0.010	0.000	74.799	26.140	0.000
1166190.000	0.000	-0.010	0.000	74.799	26.140	0.000
1166190.000	0.000	-0.010	0.000	74.799	26.140	0.000
1166190.000	0.000	-0.010	0.000	74.799	26.140	0.000
1166220.000	0.000	-0.010	0.000	74.799	26.140	0.000
1166220.000	0.000	-0.010	0.000	74.799	26.140	0.000
1166220.000	0.000	-0.010	0.000	74.799	26.140	0.000
1166255.000	0.000	-0.010	0.000	74.799	26.140	0.000
1166255.000	0.000	-0.010	0.000	74.799	26.140	0.000
1166255.000	0.000	-0.010	0.000	74.799	26.140	0.000
1166280.000	0.000	-0.010	0.000	74.799	26.140	0.000
1166280.000	0.000	-0.010	0.000	74.799	26.140	0.000
1166280.000	0.000	-0.010	0.000	74.799	26.140	0.000
1166310.000	0.000	-0.010	0.000	74.799	26.140	0.000
1166310.000	0.000	-0.010	0.000	74.799	26.140	0.000
1166310.000	0.000	-0.010	0.000	74.799	26.140	0.000
1166340.000	0.000	-0.010	0.000	74.799	26.140	0.000
1166340.000	0.000	-0.010	0.000	74.799	26.140	0.000
1166340.000	0.000	-0.010	0.000	74.799	26.140	0.000
1166375.000	0.000	-0.010	0.000	74.799	26.140	0.000
1166375.000	0.000	-0.010	0.000	74.799	26.140	0.000
1166375.000	0.000	-0.010	0.000	74.799	26.140	0.000
1166405.000	0.000	-0.010	0.000	74.799	26.140	0.000
1166405.000	0.000	-0.010	0.000	74.799	26.140	0.000
1166405.000	0.000	-0.010	0.000	74.799	26.140	0.000
1166430.000	0.000	-0.010	0.000	74.799	26.140	0.000
1166430.000	0.000	-0.010	0.000	74.799	26.140	0.000
1166430.000	0.000	-0.010	0.000	74.799	26.140	0.000
1166460.000	0.000	-0.010	0.000	74.799	26.140	0.000
1166460.000	0.000	-0.010	0.000	74.799	26.140	0.000
1166460.000	0.000	-0.010	0.000	74.799	26.140	0.000
1166495.000	0.000	-0.010	0.000	74.799	26.140	0.000
1166495.000	0.000	-0.010	0.000	74.799	26.140	0.000
1166495.000	0.000	-0.010	0.000	74.799	26.140	0.000
1166520.000	0.000	-0.010	0.000	74.799	26.140	0.000
1166520.000	0.000	-0.010	0.000	74.799	26.140	0.000
1166520.000	0.000	-0.010	0.000	74.799	26.140	0.000
1166550.000	0.000	-0.010	0.000	74.799	26.140	0.000
1166550.000	0.000	-0.010	0.000	74.799	26.140	0.000
1166550.000	0.000	-0.010	0.000	74.799	26.140	0.000
1166580.000	0.000	-0.010	0.000	74.799	26.140	0.000
1166580.000	0.000	-0.010	0.000	74.799	26.140	0.000
1166580.000	0.000	-0.010	0.000	74.799	26.140	0.000
1166610.000	0.000	-0.010	0.000	74.799	26.140	0.000
1166610.000	0.000	-0.010	0.000	74.799	26.140	0.000
1166610.000	0.000	-0.010	0.000	74.799	26.140	0.000
1166640.000	0.000	-0.010	0.000	74.799	26.140	0.000
1166640.000	0.000	-0.010	0.000	74.799	26.140	0.000
1166640.000	0.000	-0.010	0.000	74.799	26.140	0.000
1166670.000	0.000	-0.010	0.000	74.799	26.140	0.000
1166670.000	0.000	-0.010	0.000	74.799	26.140	0.000
1166670.000	0.000	-0.010	0.000	74.799	26.140	0.000
1166700.000	0.000	-0.010	0.000	74.799	26.140	0.000
1166700.000	0.000	-0.010	0.000	74.799	26.140	0.000
1166700.000	0.000	-0.010	0.000	74.799	26.140	0.000
1166730.000	0.000	-0.010	0.000	74.799	26.140	0.000
1166730.000	0.000	-0.010	0.000	74.799	26.140	0.000
1166730.000	0.000	-0.010	0.000	74.799	26.140	0.000
1166760.000	0.000	-0.010	0.000	74.799	26.140	0.000
1166760.000	0.000	-0.010	0.000	74.799	26.140	0.000
1166760.000	0.000	-0.010	0.000	74.799	26.140	0.000
1166790.000	0.000	-0.010	0.000	74.799	26.140	0.000
1166790.000	0.000	-0.010	0.000	74.799	26.140	0.000
1166790.000	0.000	-0.010	0.000	74.799	26.140	0.000
1166820.000	0.000	-0.010	0.000	74.799	26.140	0.000
1166820.000	0.000	-0.010	0.000	74.799	26.140	0.000
1166820.000	0.000	-0.010	0.000	74.799	26.140	0.000
1166855.000	0.000	-0.010	0.000	74.799	26.140	0.000
1166855.000	0.000	-0.010	0.000	74.799	26.140	0.000
1166855.000	0.000	-0.010	0.000	74.799	26.140	0.000
1166880.000	0.000	-0.010	0.000	74.799	26.140	0.000
1166880.000	0.000	-0.010	0.000	74.799	26.140	0.000
1166880.000	0.000	-0.010	0.000	74.799	26.140	0.000
1166910.000	0.000	-0.010	0.000	74.799	26.140	0.000
1166910.000	0.000	-0.010	0.000	74.799	26.140	0.000
1166910.000	0.000	-0.010	0.000	74.799	26.140	0.000
1166940.000	0.000	-0.010	0.000	74.799	26.140	0.000
1166940.000	0.000	-0.010	0.000	74.799	26.140	0.000
1166940.000	0.000	-0.010	0.000	74.799	26.140	0.000
1166970.000	0.500	-0.010	0.859	74.799	26.140	0.000
1166970.000	0.500	-0.010	0.859	74.799	26.140	0.000
1166970.000	0.500	-0.010	0.859	74.799	26.140	0.000
1167000.000	0.500	0.000	0.750	74.799	26.140	0.000
1167000.000	0.500	0.000	0.750	74.799	26.140	0.000
1167000.000	0.500	0.000	0.750	74.799	26.140	0.000
1167030.000	0.500	0.000	0.641	74.799	26.140	0.000
1167030.000	0.500	0.000	0.641	74.799	26.140	0.000
1167030.000	0.500	0.000	0.641	74.799	26.140	0.000
1167060.000	0.500	0.020	0.547	74.799	26.140	0.000
1167060.000	0.500	0.020	0.547	74.799	26.140	0.000
1167060.000	0.500	0.020	0.547	74.799	26.140	0.000
1167090.000	0.500	0.030	0.469	74.799	26.140	0.000
1167090.000	0.500	0.030	0.469	74.799	26.140	0.000
1167090.000	0.500	0.030	0.469	74.799	26.140	0.000
1167120.000	0.500	0.050	0.391	74.799	26.140	0.000
1167120.000	0.500	0.050	0.391	74.799	26.140	0.000
1167120.000	0.500	0.050	0.391	74.799	26.140	0.000
1167150.000	0.500	0.070	0.297	74.799	26.140	0.000
1167150.000	0.500	0.070	0.297	74.799	26.140	0.000
1167150.000	0.500	0.070	0.297	74.799	26.140	0.000
1167180.000	0.500	0.090	0.234	74.799	26.140	0.000
1167180.000	0.500	0.090	0.234	74.799	26.140	0.000
1167180.000	0.500	0.090	0.234	74.799	26.140	0.000
1167215.000	0.500	0.120	0.172	74.799	26.140	0.000
1167215.000	0.500	0.120	0.172	74.799	26.140	0.000
1167215.000	0.500	0.120	0.172	74.799	26.140	0.000
1167240.000	0.500	0.140	0.125	74.799	26.140	0.000
1167240.000	0.500	0.140	0.125	74.799	26.140	0.000
1167240.000	0.500	0.140	0.125	74.799	26.140	0.000
1167270.000	0.500	0.170	0.078	74.799	26.140	0.000
1167270.000	0.500	0.170	0.078	74.799	26.140	0.000
1167270.000	0.500	0.170	0.078	74.799	26.140	0.000
1167300.000	0.500	0.190	0.016	74.799	26.140	0.000
1167300.000	0.500	0.190	0.016	74.799	26.140	0.000
1167300.000	0.500	0.190	0.016	74.799	26.140	0.000
1167335.000	0.500	0.220	-0.016	74.799	26.140	0.000
1167335.000	0.500	0.220	-0.016	74.799	26.140	0.000
1167335.000	0.500	0.220	-0.016	74.799	26.140	0.000
1167360.000	0.500	0.240	-0.031	74.799	26.140	0.000
1167360.000	0.500	0.240	-0.031	74.799	26.140	0.000
1167360.000	0.500	0.240	-0.031	74.799	26.140	0.000
1167390.000	0.500	0.260	-0.062	74.799	26.140	0.000
1167390.000	0.500	0.260	-0.062	74.799	26.140	0.000
1167390.000	0.500	0.260	-0.062	74.799	26.140	0.000
1167420.000	0.500	0.280	-0.078	74.799	26.140	0.000
1167420.000	0.500	0.280	-0.078	74.799	26.140	0.000
1167420.000	0.500	0.280	-0.078	74.799	26.140	0.000
1167450.000	0.500	0.300	-0.094	74.799	26.140	0.000
1167450.000	0.500	0.300	-0.094	74.799	26.140	0.000
1167450.000	0.500	0.300	-0.094	74.799	26.140	0.000
1167485.000	0.500	0.330	-0.109	74.799	26.140	0.000
1167485.000	0.500	0.330	-0.109	74.799	26.140	0.000
1167485.000	0.500	0.330	-0.109	74.799	26.140	0.000
1167510.000	0.500	0.340	-0.125	74.799	26.140	0.000
1167510.000	0.500	0.340	-0.125	74.799	26.140	0.000
1167510.000	0.500	0.340	-0.125	74.799	26.140	0.000
1167540.000	0.500	0.360	-0.109	74.799	26.140	0.000
1167540.000	0.500	0.360	-0.109	74.799	26.140	0.000
1167540.000	0.500	0.360	-0.109	74.799	26.140	0.000
1167575.000	0.500	0.380	-0.109	74.799	26.140	0.000
1167575.000	0.500	0.380	-0.109	74.799	26.140	0.000
1167575.000	0.500	0.380	-0.109	74.799	26.140	0.000
1167600.000	0.500	0.390	-0.109	74.799	26.140	0.000
1167600.000	0.500	0.390	-0.109	74.799	26.140	0.000
1167600.000	0.500	0.390	-0.109	74.799	26.140	0.000
1167630.000	0.500	0.410	-0.109	74.799	26.140	0.000
1167630.000	0.500	0.410	-0.109	74.799	26.140	0.000
1167630.000	0.500	0.410	-0.109	74.799	26.140	0.000
1167660.000	0.500	0.420	-0.109	74.799	26.140	0.000
1167660.000	0.500	0.420	-0.109	74.799	26.140	0.000
1167660.000	0.500	0.420	-0.109	74.799	26.140	0.000
1167690.000	0.500	0.430	-0.109	74.799	26.140	0.000
1167690.000	0.500	0.430	-0.109	74.799	26.140	0.000
1167690.000	0.500	0.430	-0.109	74.799	26.140	0.000
1167720.000	0.500	0.440	-0.094	74.799	26.140	0.000
1167720.000	0.500	0.440	-0.094	74.799	26.140	0.000
1167720.000	0.500	0.440	-0.094	74.799	26.140	0.000
1167750.000	0.500	0.450	-0.078	74.799	26.140	0.000
1167750.000	0.500	0.450	-0.078	74.799	26.140	0.000
1167750.000	0.500	0.450	-0.078	74.799	26.140	0.000
1167780.000	0.500	0.450	-0.062	74.799	26.140	0.000
1167780.000	0.500	0.450	-0.062	74.799	26.140	0.000
1167780.000	0.500	0.450	-0.062	74.799	26.140	0.000
1167810.000	0.500	0.460	-0.047	74.799	26.140	0.000
1167810.000	0.500	0.460	-0.047	74.799	26.140	0.000
1167810.000	0.500	0.460	-0.047	74.799	26.140	0.000
1167840.000	0.500	0.460	-0.047	74.799	26.140	0.000
1167840.000	0.500	0.460	-0.047	74.799	26.140	0.000
1167840.000	0.500	0.460	-0.047	74.799	26.140	0.000
1167870.000	0.500	0.470	-0.031	74.799	26.140	0.000
1167870.000	0.500	0.470	-0.031	74.799	26.140	0.000
1167870.000	0.500	0.470	-0.031	74.799	26.140	0.000
1167900.000	0.500	0.470	-0.016	74.799	26.140	0.000
1167900.000	0.500	0.470	-0.016	74.799	26.140	0.000
1167900.000	0.500	0.470	-0.016	74.799	26.140	0.000
1167930.000	0.500	0.470	0.000	74.799	26.140	0.000
1167930.000	0.500	0.470	0.000	74.799	26.140	0.000
1167930.000	0.500	0.470	0.000	74.799	26.140	0.000
1167960.000	0.500	0.470	0.016	74.799	26.140	0.000
1167960.000	0.500	0.470	0.016	74.799	26.140	0.000
1167960.000	0.500	0.470	0.016	74.799	26.140	0.000
1167990.000	0.500	0.470	0.016	74.799	26.140	0.000
1167990.000	0.500	0.470	0.016	74.799	26.140	0.000
1167990.000	0.500	0.470	0.016	74.799	26.140	0.000
1168020.000	0.500	0.470	0.031	74.799	26.140	0.000
1168020.000	0.500	0.470	0.031	74.799	26.140	0.000
1168020.000	0.500	0.470	0.031	74.799	26.140	0.000
1168050.000	0.500	0.470	0.047	74.799	26.140	0.000
1168050.000	0.500	0.470	0.047	74.799	26.140	0.000
1168050.000	0.500	0.470	0.047	74.799	26.140	0.000
1168080.000	0.500	0.470	0.047	74.799	26.140	0.000
1168080.000	0.500	0.470	0.047	74.799	26.140	0.000
1168080.000	0.500	0.470	0.047	74.799	26.140	0.000
1168110.000	0.500	0.470	0.047	74.799	26.140	0.000
1168110.000	0.500	0.470	0.047	74.799	26.140	0.000
1168110.000	0.500	0.470	0.047	74.799	26.140	0.000
1168140.000	0.500	0.470	0.062	74.799	26.140	0.000
1168140.000	0.500	0.470	0.062	74.799	26.140	0.000
1168140.000	0.500	0.470	0.062	74.799	26.140	0.000
1168170.000	0.500	0.470	0.062	74.799	26.140	0.000
1168170.000	0.500	0.470	0.062	74.799	26.140	0.000
1168170.000	0.500	0.470	0.062	74.799	26.140	0.000
1168200.000	0.500	0.470	0.078	74.799	26.140	0.000
1168200.000	0.500	0.470	0.078	74.799	26.140	0.000
1168200.000	0.500	0.470	0.078	74.799	26.140	0.000
1168230.000	0.500	0.470	0.078	74.799	26.140	0.000
1168230.000	0.500	0.470	0.078	74.799	26.140	0.000
1168230.000	0.500	0.470	0.078	74.799	26.140	0.000
1168260.000	0.500	0.460	0.078	74.799	26.140	0.000
1168260.000	0.500	0.460	0.078	74.799	26.140	0.000
1168260.000	0.500	0.460	0.078	74.799	26.140	0.000
1168290.000	0.500	0.460	0.078	74.799	26.140	0.000
1168290.000	0.500	0.460	0.078	74.799	26.140	0.000
1168290.000	0.500	0.460	0.078	74.799	26.140	0.000
1168320.000	0.500	0.460	0.094	74.799	26.140	0.000
1168320.000	0.500	0.460	0.094	74.799	26.140	0.000
1168320.000	0.500	0.460	0.094	74.799	26.140	0.000
1168350.000	0.500	0.460	0.094	74.799	26.140	0.000
1168350.000	0.500	0.460	0.094	74.799	26.140	0.000
1168350.000	0.500	0.460	0.094	74.799	26.140	0.000
1168380.000	0.500	0.460	0.094	74.799	26.140	0.000
1168380.000	0.500	0.460	0.094	74.799	26.140	0.000
1168380.000	0.500	0.460	0.094	74.799	26.140	0.000
1168410.000	0.500	0.460	0.094	74.799	26.140	0.000
1168410.000	0.500	0.460	0.094	74.799	26.140	0.000
1168410.000	0.500	0.460	0.094	74.799	26.140	0.000
1168440.000	0.500	0.460	0.094	74.799	26.140	0.000
1168440.000	0.500	0.460	0.094	74.799	26.140	0.000
1168440.000	0.500	0.460	0.094	74.799	26.140	0.000
1168475.000	0.500	0.450	0.094	74.799	26.140	0.000
1168475.000	0.500	0.450	0.094	74.799	26.140	0.000
1168475.000	0.500	0.450	0.094	74.799	26.140	0.000
1168500.000	0.500	0.450	0.094	74.799	26.140	0.000
1168500.000	0.500	0.450	0.094	74.799	26.140	0.000
1168500.000	0.500	0.450	0.094	74.799	26.140	0.000
1168530.000	0.500	0.450	0.094	74.799	26.140	0.000
1168530.000	0.500	0.450	0.094	74.799	26.140	0.000
1168530.000	0.500	0.450	0.094	74.799	26.140	0.000
1168560.000	0.500	0.450	0.078	74.799	26.140	0.000
1168560.000	0.500	0.450	0.078	74.799	26.140	0.000
1168560.000	0.500	0.450	0.078	74.799	26.140	0.000
1168590.000	0.500	0.450	0.078	74.799	26.140	0.000
1168590.000	0.500	0.450	0.078	74.799	26.140	0.000
1168590.000	0.500	0.450	0.078	74.799	26.140	0.000
1168620.000	0.500	0.450	0.078	74.799	26.140	0.000
1168620.000	0.500	0.450	0.078	74.799	26.140	0.000
1168620.000	0.500	0.450	0.078	74.799	26.140	0.000
1168650.000	0.500	0.450	0.078	74.799	26.140	0.000
1168650.000	0.500	0.450	0.078	74.799	26.140	0.000
1168650.000	0.500	0.450	0.078	74.799	26.140	0.000
1168680.000	0.500	0.450	0.078	74.799	26.140	0.000
1168680.000	0.500	0.450	0.078	74.799	26.140	0.000
1168680.000	0.500	0.450	0.078	74.799	26.140	0.000
1168710.000	0.500	0.450	0.078	74.799	26.140	0.000
1168710.000	0.500	0.450	0.078	74.799	26.140	0.000
1168710.000	0.500	0.450	0.078	74.799	26.140	0.000
1168740.000	0.500	0.450	0.078	74.799	26.140	0.000
1168740.000	0.500	0.450	0.078	74.799	26.140	0.000
1168740.000	0.500	0.450	0.078	74.799	26.140	0.000
1168770.000	0.500	0.450	0.078	74.799	26.140	0.000
1168770.000	0.500	0.450	0.078	74.799	26.140	0.000
1168770.000	0.500	0.450	0.078	74.799	26.140	0.000
1168800.000	0.500	0.450	0.078	74.799	26.140	0.000
1168800.000	0.500	0.450	0.078	74.799	26.140	0.000
1168800.000	0.500	0.450	0.078	74.799	26.140	0.000
1168830.000	0.500	0.450	0.078	74.799	26.140	0.000
1168830.000	0.500	0.450	0.078	74.799	26.140	0.000
1168830.000	0.500	0.450	0.078	74.799	26.140	0.000
1168860.000	0.500	0.450	0.078	74.799	26.140	0.000
1168860.000	0.500	0.450	0.078	74.799	26.140	0.000
1168860.000	0.500	0.450	0.078	74.799	26.140	0.000
1168890.000	0.500	0.450	0.078	74.799	26.140	0.000
1168890.000	0.500	0.450	0.078	74.799	26.140	0.000
1168890.000	0.500	0.450	0.078	74.799	26.140	0.000
1168920.000	0.500	0.450	0.062	74.799	26.140	0.000
1168920.000	0.500	0.450	0.062	74.799	26.140	0.000
1168920.000	0.500	0.450	0.062	74.799	26.140	0.000
1168950.000	0.500	0.450	0.062	74.799	26.140	0.000
1168950.000	0.500	0.450	0.062	74.799	26.140	0.000
1168950.000	0.500	0.450	0.062	74.799	26.140	0.000
1168980.000	0.500	0.450	0.062	74.799	26.140	0.000
1168980.000	0.500	0.450	0.062	74.799	26.140	0.000
1168980.000	0.500	0.450	0.062	74.799	26.140	0.000
1169010.000	0.500	0.450	0.062	74.799	26.140	0.000
1169010.000	0.500	0.450	0.062	74.799	26.140	0.000
1169010.000	0.500	0.450	0.062	74.799	26.140	0.000
1169040.000	0.500	0.450	0.062	74.799	26.140	0.000
1169040.000	0.500	0.450	0.062	74.799	26.140	0.000
1169040.000	0.500	0.450	0.062	74.799	26.140	0.000
1169070.000	0.500	0.450	0.078	74.799	26.140	0.000
1169070.000	0.500	0.450	0.078	74.799	26.140	0.000
1169070.000	0.500	0.450	0.078	74.799	26.140	0.000
1169100.000	0.500	0.450	0.062	74.799	26.140	0.000
1169100.000	0.500	0.450	0.062	74.799	26.140	0.000
1169100.000	0.500	0.450	0.062	74.799	26.140	0.000
1169130.000	0.500	0.450	0.078	74.799	26.140	0.000
1169130.000	0.500	0.450	0.078	74.799	26.140	0.000
1169130.000	0.500	0.450	0.078	74.799	26.140	0.000
1169160.000	0.500	0.450	0.062	74.799	26.140	0.000
1169160.000	0.500	0.450	0.062	74.799	26.140	0.000
1169160.000	0.500	0.450	0.062	74.799	26.140	0.000
1169190.000	0.500	0.450	0.062	74.799	26.140	0.000
1169190.000	0.500	0.450	0.062	74.799	26.140	0.000
1169190.000	0.500	0.450	0.062	74.799	26.140	0.000
1169220.000	0.500	0.450	0.078	74.799	26.140	0.000
1169220.000	0.500	0.450	0.078	74.799	26.140	0.000
1169220.000	0.500	0.450	0.078	74.799	26.140	0.000
1169250.000	0.500	0.450	0.078	74.799	26.140	0.000
1169250.000	0.500	0.450	0.078	74.799	26.140	0.000
1169250.000	0.500	0.450	0.078	74.799	26.140	0.000
1169280.000	0.500	0.450	0.078	74.799	26.140	0.000
1169280.000	0.500	0.450	0.078	74.799	26.140	0.000
1169280.000	0.500	0.450	0.078	74.799	26.140	0.000
1169310.000	0.500	0.450	0.078	74.799	26.140	0.000
1169310.000	0.500	0.450	0.078	74.799	26.140	0.000
1169310.000	0.500	0.450	0.078	74.799	26.140	0.000
1169340.000	0.500	0.450	0.078	74.799	26.140	0.000
1169340.000	0.500	0.450	0.078	74.799	26.140	0.000
1169340.000	0.500	0.450	0.078	74.799	26.140	0.000
1169370.000	0.500	0.450	0.078	74.799	26.140	0.000
1169370.000	0.500	0.450	0.078	74.799	26.140	0.000
1169370.000	0.500	0.450	0.078	74.799	26.140	0.000
1169400.000	0.500	0.450	0.078	74.799	26.140	0.000
1169400.000	0.500	0.450	0.078	74.799	26.140	0.000
1169400.000	0.500	0.450	0.078	74.799	26.140	0.000
1169430.000	0.500	0.450	0.078	74.799	26.140	0.000
1169430.000	0.500	0.450	0.078	74.799	26.140	0.000
1169430.000	0.500	0.450	0.078	74.799	26.140	0.000
1169460.000	0.500	0.450	0.078	74.799	26.140	0.000
1169460.000	0.500	0.450	0.078	74.799	26.140	0.000
1169460.000	0.500	0.450	0.078	74.799	26.140	0.000
1169490.000	0.500	0.450	0.078	74.799	26.140	0.000
1169490.000	0.500	0.450	0.078	74.799	26.140	0.000
1169490.000	0.500	0.450	0.078	74.799	26.140	0.000
1169520.000	0.500	0.450	0.078	74.799	26.140	0.000
1169520.000	0.500	0.450	0.078	74.799	26.140	0.000
1169520.000	0.500	0.450	0.078	74.799	26.140	0.000
1169550.000	0.500	0.450	0.078	74.799	26.140	0.000
1169550.000	0.500	0.450	0.078	74.799	26.140	0.000
1169550.000	0.500	0.450	0.078	74.799	26.140	0.000
1169580.000	0.500	0.450	0.078	74.799	26.140	0.000
1169580.000	0.500	0.450	0.078	74.799	26.140	0.000
1169580.000	0.500	0.450	0.078	74.799	26.140	0.000
1169610.000	0.500	0.450	0.078	74.799	26.140	0.000
1169610.000	0.500	0.450	0.078	74.799	26.140	0.000
1169610.000	0.500	0.450	0.078	74.799	26.140	0.000
1169640.000	0.500	0.450	0.078	74.799	26.140	0.000
1169640.000	0.500	0.450	0.078	74.799	26.140	0.000
1169640.000	0.500	0.450	0.078	74.799	26.140	0.000
1169670.000	0.500	0.450	0.078	74.799	26.140	0.000
1169670.000	0.500	0.450	0.078	74.799	26.140	0.000
1169670.000	0.500	0.450	0.078	74.799	26.140	0.000
1169700.000	0.500	0.450	0.078	74.799	26.140	0.000
1169700.000	0.500	0.450	0.078	74.799	26.140	0.000
1169700.000	0.500	0.450	0.078	74.799	26.140	0.000
1169730.000	0.500	0.450	0.078	74.799	26.140	0.000
1169730.000	0.500	0.450	0.078	74.799	26.140	0.000
1169730.000	0.500	0.450	0.078	74.799	26.140	0.000
1169760.000	0.500	0.450	0.078	74.799	26.140	0.000
1169760.000	0.500	0.450	0.078	74.799	26.140	0.000
1169760.000	0.500	0.450	0.078	74.799	26.140	0.000
1169790.000	0.500	0.450	0.078	74.799	26.140	0.000
1169790.000	0.500	0.450	0.078	74.799	26.140	0.000
1169790.000	0.500	0.450	0.078	74.799	26.140	0.000
1169820.000	0.500	0.450	0.078	74.799	26.140	0.000
1169820.000	0.500	0.450	0.078	74.799	26.140	0.000
1169820.000	0.500	0.450	0.078	74.799	26.140	0.000
1169850.000	0.500	0.450	0.078	74.799	26.140	0.000
1169850.000	0.500	0.450	0.078	74.799	26.140	0.000
1169850.000	0.500	0.450	0.078	74.799	26.140	0.000
1169880.000	0.500	0.450	0.078	74.799	26.140	0.000
1169880.000	0.500	0.450	0.078	74.799	26.140	0.000
1169880.000	0.500	0.450	0.078	74.799	26.140	0.000
1169910.000	0.500	0.450	0.078	74.799	26.140	0.000
1169910.000	0.500	0.450	0.078	74.799	26.140	0.000
1169910.000	0.500	0.450	0.078	74.799	26.140	0.000
1169940.000	0.500	0.450	0.078	74.799	26.140	0.000
1169940.000	0.500	0.450	0.078	74.799	26.140	0.000
1169940.000	0.500	0.450	0.078	74.799	26.140	0.000
1169970.000	0.500	0.450	0.078	74.799	26.140	0.000
1169970.000	0.500	0.450	0.078	74.799	26.140	0.000
1169970.000	0.500	0.450	0.078	74.799	26.140	0.000
1170000.000	0.500	0.450	0.078	74.799	26.140	0.000
1170000.000	0.500	0.450	0.078	74.799	26.140	0.000
1170000.000	0.500	0.450	0.078	74.799	26.140	0.000
1170030.000	0.500	0.450	0.078	74.799	26.140	0.000
1170030.000	0.500	0.450	0.078	74.799	26.140	0.000
1170030.000	0.500	0.450	0.078	74.799	26.140	0.000
1170060.000	0.500	0.450	0.078	74.799	26.140	0.000
1170060.000	0.500	0.450	0.078	74.799	26.140	0.000
1170060.000	0.500	0.450	0.078	74.799	26.140	0.000
1170090.000	0.500	0.450	0.062	74.799	26.140	0.000
1170090.000	0.500	0.450	0.062	74.799	26.140	0.000
1170090.000	0.500	0.450	0.062	74.799	26.140	0.000
1170120.000	0.500	0.450	0.078	74.799	26.140	0.000
1170120.000	0.500	0.450	0.078	74.799	26.140	0.000
1170120.000	0.500	0.450	0.078	74.799	26.140	0.000
1170150.000	0.500	0.450	0.078	74.799	26.140	0.000
1170150.000	0.500	0.450	0.078	74.799	26.140	0.000
1170150.000	0.500	0.450	0.078	74.799	26.140	0.000
1170180.000	0.500	0.450	0.078	74.799	26.140	0.000
1170180.000	0.500	0.450	0.078	74.799	26.140	0.000
1170180.000	0.500	0.450	0.078	74.799	26.140	0.000
1170210.000	0.500	0.450	0.078	74.799	26.140	0.000
1170210.000	0.500	0.450	0.078	74.799	26.140	0.000
1170210.000	0.500	0.450	0.078	74.799	26.140	0.000
1170240.000	0.500	0.450	0.078	74.799	26.140	0.000
1170240.000	0.500	0.450	0.078	74.799	26.140	0.000
1170240.000	0.500	0.450	0.078	74.799	26.140	0.000
1170270.000	0.500	0.450	0.078	74.799	26.140	0.000
1170270.000	0.500	0.450	0.078	74.799	26.140	0.000
1170270.000	0.500	0.450	0.078	74.799	26.140	0.000
1170300.000	0.500	0.450	0.078	74.799	26.140	0.000
1170300.000	0.500	0.450	0.078	74.799	26.140	0.000
1170300.000	0.500	0.450	0.078	74.799	26.140	0.000
1170330.000	0.500	0.450	0.078	74.799	26.140	0.000
1170330.000	0.500	0.450	0.078	74.799	26.140	0.000
1170330.000	0.500	0.450	0.078	74.799	26.140	0.000
1170360.000	0.500	0.450	0.078	74.799	26.140	0.000
1170360.000	0.500	0.450	0.078	74.799	26.140	0.000
1170360.000	0.500	0.450	0.078	74.799	26.140	0.000
1170390.000	0.500	0.450	0.078	74.799	26.140	0.000
1170390.000	0.500	0.450	0.078	74.799	26.140	0.000
1170390.000	0.500	0.450	0.078	74.799	26.140	0.000
1170420.000	0.500	0.450	0.078	74.799	26.140	0.000
1170420.000	0.500	0.450	0.078	74.799	26.140	0.000
1170420.000	0.500	0.450	0.078	74.799	26.140	0.000
1170450.000	0.500	0.450	0.078	74.799	26.140	0.000
1170450.000	0.500	0.450	0.078	74.799	26.140	0.000
1170450.000	0.500	0.450	0.078	74.799	26.140	0.000
1170480.000	0.500	0.450	0.078	74.799	26.140	0.000
1170480.000	0.500	0.450	0.078	74.799	26.140	0.000
1170480.000	0.500	0.450	0.078	74.799	26.140	0.000
1170510.000	0.500	0.450	0.078	74.799	26.140	0.000
1170510.000	0.500	0.450	0.078	74.799	26.140	0.000
1170510.000	0.500	0.450	0.078	74.799	26.140	0.000
1170540.000	0.500	0.450	0.078	74.799	26.140	0.000
1170540.000	0.500	0.450	0.078	74.799	26.140	0.000
1170540.000	0.500	0.450	0.078	74.799	26.140	0.000
1170570.000	0.500	0.450	0.078	74.799	26.140	0.000
1170570.000	0.500	0.450	0.078	74.799	26.140	0.000
1170570.000	0.500	0.450	0.078	74.799	26.140	0.000
1170600.000	0.500	0.450	0.078	74.799	26.140	0.000
1170600.000	0.500	0.450	0.078	74.799	26.140	0.000
1170600.000	0.500	0.450	0.078	74.799	26.140	0.000
1170630.000	0.500	0.450	0.078	74.799	26.140	0.000
1170630.000	0.500	0.450	0.078	74.799	26.140	0.000
1170630.000	0.500	0.450	0.078	74.799	26.140	0.000
1170660.000	0.500	0.450	0.078	74.799	26.140	0.000
1170660.000	0.500	0.450	0.078	74.799	26.140	0.000
1170660.000	0.500	0.450	0.078	74.799	26.140	0.000
1170690.000	0.500	0.450	0.078	74.799	26.140	0.000
1170690.000	0.500	0.450	0.078	74.799	26.140	0.000
1170690.000	0.500	0.450	0.078	74.799	26.140	0.000
1170720.000	0.500	0.450	0.078	74.799	26.140	0.000
1170720.000	0.500	0.450	0.078	74.799	26.140	0.000
1170720.000	0.500	0.450	0.078	74.799	26.140	0.000
1170750.000	0.500	0.450	0.078	74.799	26.140	0.000
1170750.000	0.500	0.450	0.078	74.799	26.140	0.000
1170750.000	0.500	0.450	0.078	74.799	26.140	0.000
1170780.000	0.500	0.450	0.078	74.799	26.140	0.000
1170780.000	0.500	0.450	0.078	74.799	26.140	0.000
1170780.000	0.500	0.450	0.078	74.799	26.140	0.000
1170810.000	0.500	0.450	0.078	74.799	26.140	0.000
1170810.000	0.500	0.450	0.078	74.799	26.140	0.000
1170810.000	0.500	0.450	0.078	74.799	26.140	0.000
1170840.000	0.500	0.450	0.078	74.799	26.140	0.000
1170840.000	0.500	0.450	0.078	74.799	26.140	0.000
1170840.000	0.500	0.450	0.078	74.799	26.140	0.000
1170870.000	0.500	0.450	0.078	74.799	26.140	0.000
1170870.000	0.500	0.450	0.078	74.799	26.140	0.000
1170870.000	0.500	0.450	0.078	74.799	26.140	0.000
1170900.000	0.500	0.450	0.078	74.799	26.140	0.000
1170900.000	0.500	0.450	0.078	74.799	26.140	0.000
1170900.000	0.500	0.450	0.078	74.799	26.140	0.000
1170930.000	0.500	0.450	0.078	74.799	26.140	0.000
1170930.000	0.500	0.450	0.078	74.799	26.140	0.000
1170930.000	0.500	0.450	0.078	74.799	26.140	0.000
1170960.000	0.500	0.450	0.078	74.799	26.140	0.000
1170960.000	0.500	0.450	0.078	74.799	26.140	0.000
1170960.000	0.500	0.450	0.078	74.799	26.140	0.000
1170990.000	0.500	0.450	0.078	74.799	26.140	0.000
1170990.000	0.500	0.450	0.078	74.799	26.140	0.000
1170990.000	0.500	0.450	0.078	74.799	26.140	0.000
1171020.000	0.500	0.450	0.078	74.799	26.140	0.000
1171020.000	0.500	0.450	0.078	74.799	26.140	0.000
1171020.000	0.500	0.450	0.078	74.799	26.140	0.000
1171050.000	0.500	0.450	0.078	74.799	26.140	0.000
1171050.000	0.500	0.450	0.078	74.799	26.140	0.000
1171050.000	0.500	0.450	0.078	74.799	26.140	0.000
1171080.000	0.500	0.450	0.078	74.799	26.140	0.000
1171080.000	0.500	0.450	0.078	74.799	26.140	0.000
1171080.000	0.500	0.450	0.078	74.799	26.140	0.000
1171110.000	0.500	0.450	0.078	74.799	26.140	0.000
1171110.000	0.500	0.450	0.078	74.799	26.140	0.000
1171110.000	0.500	0.450	0.078	74.799	26.140	0.000
1171140.000	0.500	0.450	0.078	74.799	26.140	0.000
1171140.000	0.500	0.450	0.078	74.799	26.140	0.000
1171140.000	0.500	0.450	0.078	74.799	26.140	0.000
1171170.000	0.500	0.450	0.078	74.799	26.140	0.000
1171170.000	0.500	0.450	0.078	74.799	26.140	0.000
1171170.000	0.500	0.450	0.078	74.799	26.140	0.000
1171200.000	0.500	0.450	0.078	74.799	26.140	0.000
1171200.000	0.500	0.450	0.078	74.799	26.140	0.000
1171200.000	0.500	0.450	0.078	74.799	26.140	0.000
1171230.000	0.500	0.450	0.078	74.799	26.140	0.000
1171230.000	0.500	0.450	0.078	74.799	26.140	0.000
1171230.000	0.500	0.450	0.078	74.799	26.140	0.000
1171260.000	0.500	0.450	0.078	74.799	26.140	0.000
1171260.000	0.500	0.450	0.078	74.799	26.140	0.000
1171260.000	0.500	0.450	0.078	74.799	26.140	0.000
1171290.000	0.500	0.450	0.078	74.799	26.140	0.000
1171290.000	0.500	0.450	0.078	74.799	26.140	0.000
1171290.000	0.500	0.450	0.078	74.799	26.140	0.000
1171320.000	0.500	0.450	0.078	74.799	26.140	0.000
1171320.000	0.500	0.450	0.078	74.799	26.140	0.000
1171320.000	0.500	0.450	0.078	74.799	26.140	0.000
1171350.000	0.500	0.450	0.078	74.799	26.140	0.000
1171350.000	0.500	0.450	0.078	74.799	26.140	0.000
1171350.000	0.500	0.450	0.078	74.799	26.140	0.000
1171380.000	0.500	0.450	0.078	74.799	26.140	0.000
1171380.000	0.500	0.450	0.078	74.799	26.140	0.000
1171380.000	0.500	0.450	0.078	74.799	26.140	0.000
1171410.000	0.500	0.450	0.078	74.799	26.140	0.000
1171410.000	0.500	0.450	0.078	74.799	26.140	0.000
1171410.000	0.500	0.450	0.078	74.799	26.140	0.000
1171440.000	0.500	0.450	0.078	74.799	26.140	0.000
1171440.000	0.500	0.450	0.078	74.799	26.140	0.000
1171440.000	0.500	0.450	0.078	74.799	26.140	0.000
1171470.000	0.500	0.450	0.078	74.799	26.140	0.000
1171470.000	0.500	0.450	0.078	74.799	26.140	0.000
1171470.000	0.500	0.450	0.078	74.799	26.140	0.000
1171500.000	0.500	0.450	0.078	74.799	26.140	0.000
1171500.000	0.500	0.450	0.078	74.799	26.140	0.000
1171500.000	0.500	0.450	0.078	74.799	26.140	0.000
1171530.000	0.500	0.450	0.078	74.799	26.140	0.000
1171530.000	0.500	0.450	0.078	74.799	26.140	0.000
1171530.000	0.500	0.450	0.078	74.799	26.140	0.000
1171560.000	0.500	0.450	0.078	74.799	26.140	0.000
1171560.000	0.500	0.450	0.078	74.799	26.140	0.000
1171560.000	0.500	0.450	0.078	74.799	26.140	0.000
1171590.000	0.500	0.450	0.078	74.799	26.140	0.000
1171590.000	0.500	0.450	0.078	74.799	26.140	0.000
1171590.000	0.500	0.450	0.078	74.799	26.140	0.000
1171620.000	0.500	0.450	0.078	74.799	26.140	0.000
1171620.000	0.500	0.450	0.078	74.799	26.140	0.000
1171620.000	0.500	0.450	0.078	74.799	26.140	0.000
1171650.000	0.500	0.450	0.078	74.799	26.140	0.000
1171650.000	0.500	0.450	0.078	74.799	26.140	0.000
1171650.000	0.500	0.450	0.078	74.799	26.140	0.000
1171680.000	0.500	0.450	0.078	74.799	26.140	0.000
1171680.000	0.500	0.450	0.078	74.799	26.140	0.000
1171680.000	0.500	0.450	0.078	74.799	26.140	0.000
1171710.000	0.500	0.450	0.078	74.799	26.140	0.000
1171710.000	0.500	0.450	0.078	74.799	26.140	0.000
1171710.000	0.500	0.450	0.078	74.799	26.140	0.000
1171740.000	0.500	0.450	0.078	74.799	26.140	0.000
1171740.000	0.500	0.450	0.078	74.799	26.140	0.000
1171740.000	0.500	0.450	0.078	74.799	26.140	0.000
1171770.000	0.500	0.450	0.078	74.799	26.140	0.000
1171770.000	0.500	0.450	0.078	74.799	26.140	0.000
1171770.000	0.500	0.450	0.078	74.799	26.140	0.000
1171800.000	0.500	0.450	0.078	74.799	26.140	0.000
1171800.000	0.500	0.450	0.078	74.799	26.140	0.000
1171800.000	0.500	0.450	0.078	74.799	26.140	0.000
1171830.000	0.500	0.450	0.078	74.799	26.140	0.000
1171830.000	0.500	0.450	0.078	74.799	26.140	0.000
1171830.000	0.500	0.450	0.078	74.799	26.140	0.000
1171860.000	0.500	0.450	0.078	74.799	26.140	0.000
1171860.000	0.500	0.450	0.078	74.799	26.140	0.000
1171860.000	0.500	0.450	0.078	74.799	26.140	0.000
1171890.000	0.500	0.450	0.078	74.799	26.140	0.000
1171890.000	0.500	0.450	0.078	74.799	26.140	0.000
1171890.000	0.500	0.450	0.078	74.799	26.140	0.000
1171920.000	0.500	0.450	0.078	74.799	26.140	0.000
1171920.000	0.500	0.450	0.078	74.799	26.140	0.000
1171920.000	0.500	0.450	0.078	74.799	26.140	0.000
1171950.000	0.500	0.450	0.078	74.799	26.140	0.000
1171950.000	0.500	0.450	0.078	74.799	26.140	0.000
1171950.000	0.500	0.450	0.078	74.799	26.140	0.000
1171980.000	0.500	0.450	0.078	74.799	26.140	0.000
1171980.000	0.500	0.450	0.078	74.799	26.140	0.000
1171980.000	0.500	0.450	0.078	74.799	26.140	0.000
1172010.000	0.500	0.450	0.078	74.799	26.140	0.000
1172010.000	0.500	0.450	0.078	74.799	26.140	0.000
1172010.000	0.500	0.450	0.078	74.799	26.140	0.000
1172040.000	0.500	0.450	0.078	74.799	26.140	0.000
1172040.000	0.500	0.450	0.078	74.799	26.140	0.000
1172040.000	0.500	0.450	0.078	74.799	26.140	0.000
1172070.000	0.500	0.450	0.078	74.799	26.140	0.000
1172070.000	0.500	0.450	0.078	74.799	26.140	0.000
1172070.000	0.500	0.450	0.078	74.799	26.140	0.000
1172100.000	0.500	0.450	0.078	74.799	26.140	0.000
1172100.000	0.500	0.450	0.078	74.799	26.140	0.000
1172100.000	0.500	0.450	0.078	74.799	26.140	0.000
1172130.000	0.500	0.450	0.078	74.799	26.140	0.000
1172130.000	0.500	0.450	0.078	74.799	26.140	0.000
1172130.000	0.500	0.450	0.078	74.799	26.140	0.000
1172160.000	0.500	0.450	0.078	74.799	26.140	0.000
1172160.000	0.500	0.450	0.078	74.799	26.140	0.000
1172160.000	0.500	0.450	0.078	74.799	26.140	0.000
1172190.000	0.500	0.450	0.078	74.799	26.140	0.000
1172190.000	0.500	0.450	0.078	74.799	26.140	0.000
1172190.000	0.500	0.450	0.078	74.799	26.140	0.000
1172220.000	0.500	0.450	0.078	74.799	26.140	0.000
1172220.000	0.500	0.450	0.078	74.799	26.140	0.000
1172220.000	0.500	0.450	0.078	74.799	26.140	0.000
1172250.000	0.500	0.450	0.078	74.799	26.140	0.000
1172250.000	0.500	0.450	0.078	74.799	26.140	0.000
1172250.000	0.500	0.450	0.078	74.799	26.140	0.000
1172280.000	0.500	0.450	0.078	74.799	26.140	0.000
1172280.000	0.500	0.450	0.078	74.799	26.140	0.000
1172280.000	0.500	0.450	0.078	74.799	26.140	0.000
1172310.000	0.500	0.450	0.078	74.799	26.140	0.000
1172310.000	0.500	0.450	0.078	74.799	26.140	0.000
1172310.000	0.500	0.450	0.078	74.799	26.140	0.000
1172340.000	0.500	0.450	0.078	74.799	26.140	0.000
1172340.000	0.500	0.450	0.078	74.799	26.140	0.000
1172340.000	0.500	0.450	0.078	74.799	26.140	0.000
1172370.000	0.500	0.450	0.078	74.799	26.140	0.000
1172370.000	0.500	0.450	0.078	74.799	26.140	0.000
1172370.000	0.500	0.450	0.078	74.799	26.140	0.000
1172400.000	0.500	0.450	0.078	74.799	26.140	0.000
1172400.000	0.500	0.450	0.078	74.799	26.140	0.000
1172400.000	0.500	0.450	0.078	74.799	26.140	0.000
1172430.000	0.500	0.450	0.078	74.799	26.140	0.000
1172430.000	0.500	0.450	0.078	74.799	26.140	0.000
1172430.000	0.500	0.450	0.078	74.799	26.140	0.000
1172460.000	0.500	0.450	0.078	74.799	26.140	0.000
1172460.000	0.500	0.450	0.078	74.799	26.140	0.000
1172460.000	0.500	0.450	0.078	74.799	26.140	0.000
1172490.000	0.500	0.450	0.078	74.799	26.140	0.000
1172490.000	0.500	0.450	0.078	74.799	26.140	0.000
1172490.000	0.500	0.450	0.078	74.799	26.140	0.000
1172520.000	0.500	0.450	0.078	74.799	26.140	0.000
1172520.000	0.500	0.450	0.078	74.799	26.140	0.000
1172520.000	0.500	0.450	0.078	74.799	26.140	0.000
1172550.000	0.500	0.450	0.078	74.799	26.140	0.000
1172550.000	0.500	0.450	0.078	74.799	26.140	0.000
1172550.000	0.500	0.450	0.078	74.799	26.140	0.000
1172580.000	0.500	0.450	0.078	74.799	26.140	0.000
1172580.000	0.500	0.450	0.078	74.799	26.140	0.000
1172580.000	0.500	0.450	0.078	74.799	26.140	0.000
1172610.000	0.500	0.450	0.078	74.799	26.140	0.000
1172610.000	0.500	0.450	0.078	74.799	26.140	0.000
1172610.000	0.500	0.450	0.078	74.799	26.140	0.000
1172640.000	0.500	0.450	0.078	74.799	26.140	0.000
1172640.000	0.500	0.450	0.078	74.799	26.140	0.000
1172640.000	0.500	0.450	0.078	74.799	26.140	0.000
1172670.000	0.500	0.450	0.078	74.799	26.140	0.000
1172670.000	0.500	0.450	0.078	74.799	26.140	0.000
1172670.000	0.500	0.450	0.078	74.799	26.140	0.000
1172700.000	0.500	0.450	0.078	74.799	26.140	0.000
1172700.000	0.500	0.450	0.078	74.799	26.140	0.000
1172700.000	0.500	0.450	0.078	74.799	26.140	0.000
1172730.000	0.500	0.450	0.078	74.799	26.140	0.000
1172730.000	0.500	0.450	0.078	74.799	26.140	0.000
1172730.000	0.500	0.450	0.078	74.799	26.140	0.000
1172760.000	0.500	0.450	0.078	74.799	26.140	0.000
1172760.000	0.500	0.450	0.078	74.799	26.140	0.000
1172760.000	0.500	0.450	0.078	74.799	26.140	0.000
1172790.000	0.500	0.450	0.078	74.799	26.140	0.000
1172790.000	0.500	0.450	0.078	74.799	26.140	0.000
1172790.000	0.500	0.450	0.078	74.799	26.140	0.000
1172820.000	0.500	0.450	0.078	74.799	26.140	0.000
1172820.000	0.500	0.450	0.078	74.799	26.140	0.000
1172820.000	0.500	0.450	0.078	74.799	26.140	0.000
1172850.000	0.500	0.450	0.078	74.799	26.140	0.000
1172850.000	0.500	0.450	0.078	74.799	26.140	0.000
1172850.000	0.500	0.450	0.078	74.799	26.140	0.000
1172880.000	0.500	0.450	0.078	74.799	26.140	0.000
1172880.000	0.500	0.450	0.078	74.799	26.140	0.000
1172880.000	0.500	0.450	0.078	74.799	26.140	0.000
1172910.000	0.500	0.450	0.078	74.799	26.140	0.000
1172910.000	0.500	0.450	0.078	74.799	26.140	0.000
1172910.000	0.500	0.450	0.078	74.799	26.140	0.000
1172940.000	0.500	0.450	0.078	74.799	26.140	0.000
1172940.000	0.500	0.450	0.078	74.799	26.140	0.000
1172940.000	0.500	0.450	0.078	74.799	26.140	0.000
1172970.000	0.500	0.450	0.078	74.799	26.140	0.000
1172970.000	0.500	0.450	0.078	74.799	26.140	0.000
1172970.000	0.500	0.450	0.078	74.799	26.140	0.000
1173000.000	0.500	0.450	0.078	74.799	26.140	0.000
1173000.000	0.500	0.450	0.078	74.799	26.140	0.000
1173000.000	0.500	0.450	0.078	74.799	26.140	0.000
1173030.000	0.500	0.450	0.078	74.799	26.140	0.000
1173030.000	0.500	0.450	0.078	74.799	26.140	0.000
1173030.000	0.500	0.450	0.078	74.799	26.140	0.000
1173060.000	0.500	0.450	0.078	74.799	26.140	0.000
1173060.000	0.500	0.450	0.078	74.799	26.140	0.000
1173060.000	0.500	0.450	0.078	74.799	26.140	0.000
1173090.000	0.500	0.450	0.078	74.799	26.140	0.000
1173090.000	0.500	0.450	0.078	74.799	26.140	0.000
1173090.000	0.500	0.450	0.078	74.799	26.140	0.000
1173120.000	0.500	0.450	0.078	74.799	26.140	0.000
1173120.000	0.500	0.450	0.078	74.799	26.140	0.000
1173120.000	0.500	0.450	0.078	74.799	26.140	0.000
1173150.000	0.500	0.450	0.078	74.799	26.140	0.000
1173150.000	0.500	0.450	0.078	74.799	26.140	0.000
1173150.000	0.500	0.450	0.078	74.799	26.140	0.000
1173180.000	0.500	0.450	0.078	74.799	26.140	0.000
1173180.000	0.500	0.450	0.078	74.799	26.140	0.000
1173180.000	0.500	0.450	0.078	74.799	26.140	0.000
1173210.000	0.500	0.450	0.078	74.799	26.140	0.000
1173210.000	0.500	0.450	0.078	74.799	26.140	0.000
1173210.000	0.500	0.450	0.078	74.799	26.140	0.000
1173240.000	0.500	0.450	0.078	74.799	26.140	0.000
1173240.000	0.500	0.450	0.078	74.799	26.140	0.000
1173240.000	0.500	0.450	0.078	74.799	26.140	0.000
1173270.000	0.500	0.450	0.078	74.799	26.140	0.000
1173270.000	0.500	0.450	0.078	74.799	26.140	0.000
1173270.000	0.500	0.450	0.078	74.799	26.140	0.000
1173300.000	0.500	0.450	0.078	74.799	26.140	0.000
1173300.000	0.500	0.450	0.078	74.799	26.140	0.000
1173300.000	0.500	0.450	0.078	74.799	26.140	0.000
1173330.000	0.500	0.450	0.078	74.799	26.140	0.000
1173330.000	0.500	0.450	0.078	74.799	26.140	0.000
1173330.000	0.500	0.450	0.078	74.799	26.140	0.000
1173360.000	0.500	0.450	0.078	74.799	26.140	0.000
1173360.000	0.500	0.450	0.078	74.799	26.140	0.000
1173360.000	0.500	0.450	0.078	74.799	26.140	0.000
1173390.000	0.500	0.450	0.078	74.799	26.140	0.000
1173390.000	0.500	0.450	0.078	74.799	26.140	0.000
1173390.000	0.500	0.450	0.078	74.799	26.140	0.000
1173420.000	0.500	0.450	0.078	74.799	26.140	0.000
1173420.000	0.500	0.450	0.078	74.799	26.140	0.000
1173420.000	0.500	0.450	0.078	74.799	26.140	0.000
1173450.000	0.500	0.450	0.078	74.799	26.140	0.000
1173450.000	0.500	0.450	0.078	74.799	26.140	0.000
1173450.000	0.500	0.450	0.078	74.799	26.140	0.000
1173480.000	0.500	0.450	0.078	74.799	26.140	0.000
1173480.000	0.500	0.450	0.078	74.799	26.140	0.000
1173480.000	0.500	0.450	0.078	74.799	26.140	0.000
1173510.000	0.500	0.450	0.078	74.799	26.140	0.000
1173510.000	0.500	0.450	0.078	74.799	26.140	0.000
1173510.000	0.500	0.450	0.078	74.799	26.140	0.000
1173540.000	0.500	0.450	0.078	74.799	26.140	0.000
1173540.000	0.500	0.450	0.078	74.799	26.140	0.000
1173540.000	0.500	0.450	0.078	74.799	26.140	0.000
1173570.000	0.500	0.450	0.078	74.799	26.140	0.000
1173570.000	0.500	0.450	0.078	74.799	26.140	0.000
1173570.000	0.500	0.450	0.078	74.799	26.140	0.000
1173600.000	0.500	0.450	0.078	74.799	26.140	0.000
1173600.000	0.500	0.450	0.078	74.799	26.140	0.000
1173600.000	0.500	0.450	0.078	74.799	26.140	0.000
1173630.000	0.500	0.450	0.078	74.799	26.140	0.000
1173630.000	0.500	0.450	0.078	74.799	26.140	0.000
1173630.000	0.500	0.450	0.078	74.799	26.140	0.000
1173660.000	0.500	0.450	0.078	74.799	26.140	0.000
1173660.000	0.500	0.450	0.078	74.799	26.140	0.000
1173660.000	0.500	0.450	0.078	74.799	26.140	0.000
1173690.000	0.500	0.450	0.078	74.799	26.140	0.000
1173690.000	0.500	0.450	0.078	74.799	26.140	0.000
1173690.000	0.500	0.450	0.078	74.799	26.140	0.000
1173720.000	0.500	0.450	0.078	74.799	26.140	0.000
1173720.000	0.500	0.450	0.078	74.799	26.140	0.000
1173720.000	0.500	0.450	0.078	74.799	26.140	0.000
1173750.000	0.500	0.450	0.078	74.799	26.140	0.000
1173750.000	0.500	0.450	0.078	74.799	26.140	0.000
1173750.000	0.500	0.450	0.078	74.799	26.140	0.000
1173780.000	0.500	0.450	0.078	74.799	26.140	0.000
1173780.000	0.500	0.450	0.078	74.799	26.140	0.000
1173780.000	0.500	0.450	0.078	74.799	26.140	0.000
1173810.000	0.500	0.450	0.078	74.799	26.140	0.000
1173810.000	0.500	0.450	0.078	74.799	26.140	0.000
1173810.000	0.500	0.450	0.078	74.799	26.140	0.000
1173840.000	0.500	0.450	0.078	74.799	26.140	0.000
1173840.000	0.500	0.450	0.078	74.799	26.140	0.000
1173840.000	0.500	0.450	0.078	74.799	26.140	0.000
1173870.000	0.500	0.450	0.078	74.799	26.140	0.000
1173870.000	0.500	0.450	0.078	74.799	26.140	0.000
1173870.000	0.500	0.450	0.078	74.799	26.140	0.000
1173900.000	0.500	0.450	0.078	74.799	26.140	0.000
1173900.000	0.500	0.450	0.078	74.799	26.140	0.000
1173900.000	0.500	0.450	0.078	74.799	26.140	0.000
1173930.000	0.500	0.450	0.078	74.799	26.140	0.000
1173930.000	0.500	0.450	0.078	74.799	26.140	0.000
1173930.000	0.500	0.450	0.078	74.799	26.140	0.000
1173960.000	0.500	0.450	0.078	74.799	26.140	0.000
1173960.000	0.500	0.450	0.078	74.799	26.140	0.000
1173960.000	0.500	0.450	0.078	74.799	26.140	0.000
1173990.000	0.500	0.450	0.078	74.799	26.140	0.000
1173990.000	0.500	0.450	0.078	74.799	26.140	0.000
1173990.000	0.500	0.450	0.078	74.799	26.140	0.000
1174020.000	0.500	0.450	0.078	74.799	26.140	0.000
1174020.000	0.500	0.450	0.078	74.799	26.140	0.000
1174020.000	0.500	0.450	0.078	74.799	26.140	0.000
1174050.000	0.500	0.450	0.078	74.799	26.140	0.000
1174050.000	0.500	0.450	0.078	74.799	26.140	0.000
1174050.000	0.500	0.450	0.078	74.799	26.140	0.000
1174080.000	0.500	0.450	0.078	74.799	26.140	0.000
1174080.000	0.500	0.450	0.078	74.799	26.140	0.000
1174080.000	0.500	0.450	0.078	74.799	26.140	0.000
1174110.000	0.500	0.450	0.078	74.799	26.140	0.000
1174110.000	0.500	0.450	0.078	74.799	26.140	0.000
1174110.000	0.500	0.450	0.078	74.799	26.140	0.000
1174140.000	0.500	0.450	0.078	74.799	26.140	0.000
1174140.000	0.500	0.450	0.078	74.799	26.140	0.000
1174140.000	0.500	0.450	0.078	74.799	26.140	0.000
1174170.000	0.500	0.450	0.078	74.799	26.140	0.000
1174170.000	0.500	0.450	0.078	74.799	26.140	0.000
1174170.000	0.500	0.450	0.078	74.799	26.140	0.000
1174200.000	0.500	0.450	0.078	74.799	26.140	0.000
1174200.000	0.500	0.450	0.078	74.799	26.140	0.000
1174200.000	0.500	0.450	0.078	74.799	26.140	0.000
1174230.000	0.500	0.450	0.078	74.799	26.140	0.000
1174230.000	0.500	0.450	0.078	74.799	26.140	0.000
1174230.000	0.500	0.450	0.078	74.799	26.140	0.000
1174260.000	0.500	0.450	0.078	74.799	26.140	0.000
1174260.000	0.500	0.450	0.078	74.799	26.140	0.000
1174260.000	0.500	0.450	0.078	74.799	26.140	0.000
1174290.000	0.500	0.450	0.078	74.799	26.140	0.000
1174290.000	0.500	0.450	0.078	74.799	26.140	0.000
1174290.000	0.500	0.450	0.078	74.799	26.140	0.000
1174320.000	0.500	0.450	0.078	74.799	26.140	0.000
1174320.000	0.500	0.450	0.078	74.799	26.140	0.000
1174320.000	0.500	0.450	0.078	74.799	26.140	0.000
1174350.000	0.500	0.450	0.078	74.799	26.140	0.000
1174350.000	0.500	0.450	0.078	74.799	26.140	0.000
1174350.000	0.500	0.450	0.078	74.799	26.140	0.000
1174380.000	0.500	0.450	0.078	74.799	26.140	0.000
1174380.000	0.500	0.450	0.078	74.799	26.140	0.000
1174380.000	0.500	0.450	0.078	74.799	26.140	0.000
1174410.000	0.500	0.450	0.078	74.799	26.140	0.000
1174410.000	0.500	0.450	0.078	74.799	26.140	0.000
1174410.000	0.500	0.450	0.078	74.799	26.140	0.000
1174440.000	0.500	0.450	0.078	74.799	26.140	0.000
1174440.000	0.500	0.450	0.078	74.799	26.140	0.000
1174440.000	0.500	0.450	0.078	74.799	26.140	0.000
1174470.000	0.500	0.450	0.078	74.799	26.140	0.000
1174470.000	0.500	0.450	0.078	74.799	26.140	0.000
1174470.000	0.500	0.450	0.078	74.799	26.140	0.000
1174500.000	0.500	0.450	0.078	74.799	26.140	0.000
1174500.000	0.500	0.450	0.078	74.799	26.140	0.000
1174500.000	0.500	0.450	0.078	74.799	26.140	0.000
1174530.000	0.500	0.450	0.078	74.799	26.140	0.000
1174530.000	0.500	0.450	0.078	74.799	26.140	0.000
1174530.000	0.500	0.450	0.078	74.799	26.140	0.000
1174560.000	0.500	0.450	0.078	74.799	26.140	0.000
1174560.000	0.500	0.450	0.078	74.799	26.140	0.000
1174560.000	0.500	0.450	0.078	74.799	26.140	0.000
1174590.000	0.500	0.450	0.078	74.799	26.140	0.000
1174590.000	0.500	0.450	0.078	74.799	26.140	0.000
1174590.000	0.500	0.450	0.078	74.799	26.140	0.000
1174620.000	0.500	0.450	0.078	74.799	26.140	0.000
1174620.000	0.500	0.450	0.078	74.799	26.140	0.000
1174620.000	0.500	0.450	0.078	74.799	26.140	0.000
1174650.000	0.500	0.450	0.078	74.799	26.140	0.000
1174650.000	0.500	0.450	0.078	74.799	26.140	0.000
1174650.000	0.500	0.450	0.078	74.799	26.140	0.000
1174680.000	0.500	0.450	0.078	74.799	26.140	0.000
1174680.000	0.500	0.450	0.078	74.799	26.140	0.000
1174680.000	0.500	0.450	0.078	74.799	26.140	0.000
1174710.000	0.500	0.450	0.078	74.799	26.140	0.000
1174710.000	0.500	0.450	0.078	74.799	26.140	0.000
1174710.000	0.500	0.450	0.078	74.799	26.140	0.000
1174740.000	0.500	0.450	0.078	74.799	26.140	0.000
1174740.000	0.500	0.450	0.078	74.799	26.140	0.000
1174740.000	0.500	0.450	0.078	74.799	26.140	0.000
1174770.000	0.500	0.450	0.078	74.799	26.140	0.000
1174770.000	0.500	0.450	0.078	74.799	26.140	0.000
1174770.000	0.500	0.450	0.078	74.799	26.140	0.000
1174800.000	0.500	0.450	0.078	74.799	26.140	0.000
1174800.000	0.500	0.450	0.078	74.799	26.140	0.000
1174800.000	0.500	0.450	0.078	74.799	26.140	0.000
1174830.000	0.500	0.450	0.078	74.799	26.140	0.000
1174830.000	0.500	0.450	0.078	74.799	26.140	0.000
1174830.000	0.500	0.450	0.078	74.799	26.140	0.000
1174860.000	0.500	0.450	0.078	74.799	26.140	0.000
1174860.000	0.500	0.450	0.078	74.799	26.140	0.000
1174860.000	0.500	0.450	0.078	74.799	26.140	0.000
1174890.000	0.500	0.450	0.078	74.799	26.140	0.000
1174890.000	0.500	0.450	0.078	74.799	26.140	0.000
1174890.000	0.500	0.450	0.078	74.799	26.140	0.000
1174920.000	0.500	0.450	0.078	74.799	26.140	0.000
1174920.000	0.500	0.450	0.078	74.799	26.140	0.000
1174920.000	0.500	0.450	0.078	74.799	26.140	0.000
1174950.000	0.500	0.450	0.078	74.799	26.140	0.000
1174950.000	0.500	0.450	0.078	74.799	26.140	0.000
1174950.000	0.500	0.450	0.078	74.799	26.140	0.000
1174980.000	0.500	0.450	0.078	74.799	26.140	0.000
1174980.000	0.500	0.450	0.078	74.799	26.140	0.000
1174980.000	0.500	0.450	0.078	74.799	26.140	0.000
1175010.000	0.500	0.450	0.078	74.799	26.140	0.000
1175010.000	0.500	0.450	0.078	74.799	26.140	0.000
1175010.000	0.500	0.450	0.078	74.799	26.140	0.000
1175040.000	0.500	0.450	0.078	74.799	26.140	0.000
1175040.000	0.500	0.450	0.078	74.799	26.140	0.000
1175040.000	0.500	0.450	0.078	74.799	26.140	0.000
1175070.000	0.500	0.450	0.078	74.799	26.140	0.000
1175070.000	0.500	0.450	0.078	74.799	26.140	0.000
1175070.000	0.500	0.450	0.078	74.799	26.140	0.000
1175100.000	0.500	0.450	0.078	74.799	26.140	0.000
1175100.000	0.500	0.450	0.078	74.799	26.140	0.000
1175100.000	0.500	0.450	0.078	74.799	26.140	0.000
1175130.000	0.500	0.450	0.078	74.799	26.140	0.000
1175130.000	0.500	0.450	0.078	74.799	26.140	0.000
1175130.000	0.500	0.450	0.078	74.799	26.140	0.000
1175160.000	0.500	0.450	0.078	74.799	26.140	0.000
1175160.000	0.500	0.450	0.078	74.799	26.140	0.000
1175160.000	0.500	0.450	0.078	74.799	26.140	0.000
1175190.000	0.500	0.450	0.078	74.799	26.140	0.000
1175190.000	0.500	0.450	0.078	74.799	26.140	0.000
1175190.000	0.500	0.450	0.078	74.799	26.140	0.000
1175220.000	0.500	0.450	0.078	74.799	26.140	0.000
1175220.000	0.500	0.450	0.078	74.799	26.140	0.000
1175220.000	0.500	0.450	0.078	74.799	26.140	0.000
1175250.000	0.500	0.450	0.078	74.799	26.140	0.000
1175250.000	0.500	0.450	0.078	74.799	26.140	0.000
1175250.000	0.500	0.450	0.078	74.799	26.140	0.000
1175280.000	0.500	0.450	0.078	74.799	26.140	0.000
1175280.000	0.500	0.450	0.078	74.799	26.140	0.000
1175280.000	0.500	0.450	0.078	74.799	26.140	0.000
1175310.000	0.500	0.450	0.078	74.799	26.140	0.000
1175310.000	0.500	0.450	0.078	74.799	26.140	0.000
1175310.000	0.500	0.450	0.078	74.799	26.140	0.000
1175340.000	0.500	0.450	0.078	74.799	26.140	0.000
1175340.000	0.500	0.450	0.078	74.799	26.140	0.000
1175340.000	0.500	0.450	0.078	74.799	26.140	0.000
1175370.000	0.500	0.450	0.078	74.799	26.140	0.000
1175370.000	0.500	0.450	0.078	74.799	26.140	0.000
1175370.000	0.500	0.450	0.078	74.799	26.140	0.000
1175400.000	0.500	0.450	0.078	74.799	26.140	0.000
1175400.000	0.500	0.450	0.078	74.799	26.140	0.000
1175400.000	0.500	0.450	0.078	74.799	26.140	0.000
1175430.000	0.500	0.450	0.078	74.799	26.140	0.000
1175430.000	0.500	0.450	0.078	74.799	26.140	0.000
1175430.000	0.500	0.450	0.078	74.799	26.140	0.000
1175460.000	0.500	0.450	0.078	74.799	26.140	0.000
1175460.000	0.500	0.450	0.078	74.799	26.140	0.000
1175460.000	0.500	0.450	0.078	74.799	26.140	0.000
1175490.000	0.500	0.450	0.078	74.799	26.140	0.000
1175490.000	0.500	0.450	0.078	74.799	26.140	0.000
1175490.000	0.500	0.450	0.078	74.799	26.140	0.000
1175520.000	0.500	0.450	0.078	74.799	26.140	0.000
1175520.000	0.500	0.450	0.078	74.799	26.140	0.000
1175520.000	0.500	0.450	0.078	74.799	26.140	0.000
1175550.000	0.500	0.450	0.078	74.799	26.140	0.000
1175550.000	0.500	0.450	0.078	74.799	26.140	0.000
1175550.000	0.500	0.450	0.078	74.799	26.140	0.000
1175580.000	0.500	0.450	0.078	74.799	26.140	0.000
1175580.000	0.500	0.450	0.078	74.799	26.140	0.000
1175580.000	0.500	0.450	0.078	74.799	26.140	0.000
1175610.000	0.500	0.450	0.078	74.799	26.140	0.000
1175610.000	0.500	0.450	0.078	74.799	26.140	0.000
1175610.000	0.500	0.450	0.078	74.799	26.140	0.000
1175640.000	0.500	0.450	0.078	74.799	26.140	0.000
1175640.000	0.500	0.450	0.078	74.799	26.140	0.000
1175640.000	0.500	0.450	0.078	74.799	26.140	0.000
1175670.000	0.500	0.450	0.078	74.799	26.140	0.000
1175670.000	0.500	0.450	0.078	74.799	26.140	0.000
1175670.000	0.500	0.450	0.078	74.799	26.140	0.000
1175700.000	0.500	0.450	0.078	74.799	26.140	0.000
1175700.000	0.500	0.450	0.078	74.799	26.140	0.000
1175700.000	0.500	0.450	0.078	74.799	26.140	0.000
1175730.000	0.500	0.450	0.078	74.799	26.140	0.000
1175730.000	0.500	0.450	0.078	74.799	26.140	0.000
1175730.000	0.500	0.450	0.078	74.799	26.140	0.000
1175760.000	0.500	0.450	0.078	74.799	26.140	0.000
1175760.000	0.500	0.450	0.078	74.799	26.140	0.000
1175760.000	0.500	0.450	0.078	74.799	26.140	0.000
1175790.000	0.500	0.450	0.078	74.799	26.140	0.000
1175790.000	0.500	0.450	0.078	74.799	26.140	0.000
1175790.000	0.500	0.450	0.078	74.799	26.140	0.000
1175820.000	0.500	0.450	0.078	74.799	26.140	0.000
1175820.000	0.500	0.450	0.078	74.799	26.140	0.000
1175820.000	0.500	0.450	0.078	74.799	26.140	0.000
1175850.000	0.500	0.450	0.078	74.799	26.140	0.000
1175850.000	0.500	0.450	0.078	74.799	26.140	0.000
1175850.000	0.500	0.450	0.078	74.799	26.140	0.000
1175880.000	0.500	0.450	0.078	74.799	26.140	0.000
1175880.000	0.500	0.450	0.078	74.799	26.140	0.000
1175880.000	0.500	0.450	0.078	74.799	26.140	0.000
1175910.000	0.500	0.450	0.078	74.799	26.140	0.000
1175910.000	0.500	0.450	0.078	74.799	26.140	0.000
1175910.000	0.500	0.450	0.078	74.799	26.140	0.000
1175940.000	0.500	0.450	0.078	74.799	26.140	0.000
1175940.000	0.500	0.450	0.078	74.799	26.140	0.000
1175940.000	0.500	0.450	0.078	74.799	26.140	0.000
1175970.000	0.500	0.450	0.078	74.799	26.140	0.000
1175970.000	0.500	0.450	0.078	74.799	26.140	0.000
1175970.000	0.500	0.450	0.078	74.799	26.140	0.000
1176000.000	0.500	0.450	0.078	74.799	26.140	0.000
1176000.000	0.500	0.450	0.078	74.799	26.140	0.000
1176000.000	0.500	0.450	0.078	74.799	26.140	0.000
1176030.000	0.500	0.450	0.078	74.799	26.140	0.000
1176030.000	0.500	0.450	0.078	74.799	26.140	0.000
1176030.000	0.500	0.450	0.078	74.799	26.140	0.000
1176060.000	0.500	0.450	0.078	74.799	26.140	0.000
1176060.000	0.500	0.450	0.078	74.799	26.140	0.000
1176060.000	0.500	0.450	0.078	74.799	26.140	0.000
1176090.000	0.500	0.450	0.078	74.799	26.140	0.000
1176090.000	0.500	0.450	0.078	74.799	26.140	0.000
1176090.000	0.500	0.450	0.078	74.799	26.140	0.000
1176120.000	0.500	0.450	0.078	74.799	26.140	0.000
1176120.000	0.500	0.450	0.078	74.799	26.140	0.000
1176120.000	0.500	0.450	0.078	74.799	26.140	0.000
1176150.000	0.500	0.450	0.078	74.799	26.140	0.000
1176150.000	0.500	0.450	0.078	74.799	26.140	0.000
1176150.000	0.500	0.450	0.078	74.799	26.140	0.000
1176180.000	0.500	0.450	0.078	74.799	26.140	0.000
1176180.000	0.500	0.450	0.078	74.799	26.140	0.000
1176180.000	0.500	0.450	0.078	74.799	26.140	0.000
1176210.000	0.500	0.450	0.078	74.799	26.140	0.000
1176210.000	0.500	0.450	0.078	74.799	26.140	0.000
1176210.000	0.500	0.450	0.078	74.799	26.140	0.000
1176240.000	0.500	0.450	0.078	74.799	26.140	0.000
1176240.000	0.500	0.450	0.078	74.799	26.140	0.000
1176240.000	0.500	0.450	0.078	74.799	26.140	0.000
1176270.000	0.500	0.450	0.078	74.799	26.140	0.000
1176270.000	0.500	0.450	0.078	74.799	26.140	0.000
1176270.000	0.500	0.450	0.078	74.799	26.140	0.000
1176300.000	0.500	0.450	0.078	74.799	26.140	0.000
1176300.000	0.500	0.450	0.078	74.799	26.140	0.000
1176300.000	0.500	0.450	0.078	74.799	26.140	0.000
1176330.000	0.500	0.450	0.078	74.799	26.140	0.000
1176330.000	0.500	0.450	0.078	74.799	26.140	0.000
1176330.000	0.500	0.450	0.078	74.799	26.140	0.000
1176360.000	0.500	0.450	0.078	74.799	26.140	0.000
1176360.000	0.500	0.450	0.078	74.799	26.140	0.000
1176360.000	0.500	0.450	0.078	74.799	26.140	0.000
1176390.000	0.500	0.450	0.078	74.799	26.140	0.000
1176390.000	0.500	0.450	0.078	74.799	26.140	0.000
1176390.000	0.500	0.450	0.078	74.799	26.140	0.000
1176420.000	0.500	0.450	0.078	74.799	26.140	0.000
1176420.000	0.500	0.450	0.078	74.799	26.140	0.000
1176420.000	0.500	0.450	0.078	74.799	26.140	0.000
1176450.000	0.500	0.450	0.078	74.799	26.140	0.000
1176450.000	0.500	0.450	0.078	74.799	26.140	0.000
1176450.000	0.500	0.450	0.078	74.799	26.140	0.000
1176480.000	0.500	0.450	0.078	74.799	26.140	0.000
1176480.000	0.500	0.450	0.078	74.799	26.140	0.000
1176480.000	0.500	0.450	0.078	74.799	26.140	0.000
1176510.000	0.500	0.450	0.078	74.799	26.140	0.000
1176510.000	0.500	0.450	0.078	74.799	26.140	0.000
1176510.000	0.500	0.450	0.078	74.799	26.140	0.000
1176540.000	0.500	0.450	0.078	74.799	26.140	0.000
1176540.000	0.500	0.450	0.078	74.799	26.140	0.000
1176540.000	0.500	0.450	0.078	74.799	26.140	0.000
1176570.000	0.500	0.450	0.078	74.799	26.140	0.000
1176570.000	0.500	0.450	0.078	74.799	26.140	0.000
1176570.000	0.500	0.450	0.078	74.799	26.140	0.000
1176600.000	0.500	0.450	0.078	74.799	26.140	0.000
1176600.000	0.500	0.450	0.078	74.799	26.140	0.000
1176600.000	0.500	0.450	0.078	74.799	26.140	0.000
1176630.000	0.500	0.450	0.078	74.799	26.140	0.000
1176630.000	0.500	0.450	0.078	74.799	26.140	0.000
1176630.000	0.500	0.450	0.078	74.799	26.140	0.000
1176660.000	0.500	0.450	0.078	74.799	26.140	0.000
1176660.000	0.500	0.450	0.078	74.799	26.140	0.000
1176660.000	0.500	0.450	0.078	74.799	26.140	0.000
1176690.000	0.500	0.440	0.078	74.799	26.140	0.000
1176690.000	0.500	0.440	0.078	74.799	26.140	0.000
1176690.000	0.500	0.440	0.078	74.799	26.140	0.000
1176720.000	0.500	0.440	0.078	74.799	26.140	0.000
1176720.000	0.500	0.440	0.078	74.799	26.140	0.000
1176720.000	0.500	0.440	0.078	74.799	26.140	0.000
1176750.000	0.500	0.450	0.078	74.799	26.140	0.000
1176750.000	0.500	0.450	0.078	74.799	26.140	0.000
1176750.000	0.500	0.450	0.078	74.799	26.140	0.000
1176780.000	0.500	0.440	0.078	74.799	26.140	0.000
1176780.000	0.500	0.440	0.078	74.799	26.140	0.000
1176780.000	0.500	0.440	0.078	74.799	26.140	0.000
1176810.000	0.500	0.440	0.078	74.799	26.140	0.000
1176810.000	0.500	0.440	0.078	74.799	26.140	0.000
1176810.000	0.500	0.440	0.078	74.799	26.140	0.000
1176840.000	0.500	0.440	0.078	74.799	26.140	0.000
1176840.000	0.500	0.440	0.078	74.799	26.140	0.000
1176840.000	0.500	0.440	0.078	74.799	26.140	0.000
1176870.000	0.500	0.440	0.078	74.799	26.140	0.000
1176870.000	0.500	0.440	0.078	74.799	26.140	0.000
1176870.000	0.500	0.440	0.078	74.799	26.140	0.000
1176900.000	0.500	0.440	0.078	74.799	26.140	0.000
1176900.000	0.500	0.440	0.078	74.799	26.140	0.000
1176900.000	0.500	0.440	0.078	74.799	26.140	0.000
1176930.000	0.500	0.440	0.078	74.799	26.140	0.000
1176930.000	0.500	0.440	0.078	74.799	26.140	0.000
1176930.000	0.500	0.440	0.078	74.799	26.140	0.000
1176960.000	0.000	0.440	-0.812	74.799	26.140	0.000
1176960.000	0.000	0.440	-0.812	74.799	26.140	0.000
1176960.000	0.000	0.440	-0.812	74.799	26.140	0.000
1176990.000	0.000	0.440	-0.687	74.799	26.140	0.000
1176990.000	0.000	0.440	-0.687	74.799	26.140	0.000
1176990.000	0.000	0.440	-0.687	74.799	26.140	0.000
1177020.000	0.000	0.430	-0.578	74.799	26.140	0.000
1177020.000	0.000	0.430	-0.578	74.799	26.140	0.000
1177020.000	0.000	0.430	-0.578	74.799	26.140	0.000
1177050.000	0.000	0.420	-0.469	74.799	26.140	0.000
1177050.000	0.000	0.420	-0.469	74.799	26.140	0.000
1177050.000	0.000	0.420	-0.469	74.799	26.140	0.000
1177080.000	0.000	0.400	-0.375	74.799	26.140	0.000
1177080.000	0.000	0.400	-0.375	74.799	26.140	0.000
1177080.000	0.000	0.400	-0.375	74.799	26.140	0.000
1177110.000	0.000	0.390	-0.297	74.799	26.140	0.000
1177110.000	0.000	0.390	-0.297	74.799	26.140	0.000
1177110.000	0.000	0.390	-0.297	74.799	26.140	0.000
1177140.000	0.000	0.360	-0.219	74.799	26.140	0.000
1177140.000	0.000	0.360	-0.219	74.799	26.140	0.000
1177140.000	0.000	0.360	-0.219	74.799	26.140	0.000
1177170.000	0.000	0.340	-0.156	74.799	26.140	0.000
1177170.000	0.000	0.340	-0.156	74.799	26.140	0.000
1177170.000	0.000	0.340	-0.156	74.799	26.140	0.000
1177200.000	0.000	0.320	-0.109	74.799	26.140	0.000
1177200.000	0.000	0.320	-0.109	74.799	26.140	0.000
1177200.000	0.000	0.320	-0.109	74.799	26.140	0.000
1177230.000	0.000	0.300	-0.062	74.799	26.140	0.000
1177230.000	0.000	0.300	-0.062	74.799	26.140	0.000
1177230.000	0.000	0.300	-0.062	74.799	26.140	0.000
1177260.000	0.000	0.270	-0.031	74.799	26.140	0.000
1177260.000	0.000	0.270	-0.031	74.799	26.140	0.000
1177260.000	0.000	0.270	-0.031	74.799	26.140	0.000
1177290.000	0.000	0.250	0.000	74.799	26.140	0.000
1177290.000	0.000	0.250	0.000	74.799	26.140	0.000
1177290.000	0.000	0.250	0.000	74.799	26.140	0.000
1177320.000	0.000	0.230	0.016	74.799	26.140	0.000
1177320.000	0.000	0.230	0.016	74.799	26.140	0.000
1177320.000	0.000	0.230	0.016	74.799	26.140	0.000
1177350.000	0.000	0.210	0.047	74.799	26.140	0.000
1177350.000	0.000	0.210	0.047	74.799	26.140	0.000
1177350.000	0.000	0.210	0.047	74.799	26.140	0.000
1177380.000	0.000	0.190	0.062	74.799	26.140	0.000
1177380.000	0.000	0.190	0.062	74.799	26.140	0.000
1177380.000	0.000	0.190	0.062	74.799	26.140	0.000
1177410.000	0.000	0.170	0.078	74.799	26.140	0.000
1177410.000	0.000	0.170	0.078	74.799	26.140	0.000
1177410.000	0.000	0.170	0.078	74.799	26.140	0.000
1177440.000	0.000	0.150	0.078	74.799	26.140	0.000
1177440.000	0.000	0.150	0.078	74.799	26.140	0.000
1177440.000	0.000	0.150	0.078	74.799	26.140	0.000
1177470.000	0.000	0.130	0.094	74.799	26.140	0.000
1177470.000	0.000	0.130	0.094	74.799	26.140	0.000
1177470.000	0.000	0.130	0.094	74.799	26.140	0.000
1177500.000	0.000	0.120	0.109	74.799	26.140	0.000
1177500.000	0.000	0.120	0.109	74.799	26.140	0.000
1177500.000	0.000	0.120	0.109	74.799	26.140	0.000
1177530.000	0.000	0.100	0.125	74.799	26.140	0.000
1177530.000	0.000	0.100	0.125	74.799	26.140	0.000
1177530.000	0.000	0.100	0.125	74.799	26.140	0.000
1177560.000	0.000	0.090	0.125	74.799	26.140	0.000
1177560.000	0.000	0.090	0.125	74.799	26.140	0.000
1177560.000	0.000	0.090	0.125	74.799	26.140	0.000
1177590.000	0.000	0.070	0.141	74.799	26.140	0.000
1177590.000	0.000	0.070	0.141	74.799	26.140	0.000
1177590.000	0.000	0.070	0.141	74.799	26.140	0.000
1177620.000	0.000	0.060	0.141	74.799	26.140	0.000
1177620.000	0.000	0.060	0.141	74.799	26.140	0.000
1177620.000	0.000	0.060	0.141	74.799	26.140	0.000
1177650.000	0.000	0.050	0.141	74.799	26.140	0.000
1177650.000	0.000	0.050	0.141	74.799	26.140	0.000
1177650.000	0.000	0.050	0.141	74.799	26.140	0.000
1177680.000	0.000	0.040	0.141	74.799	26.140	0.000
1177680.000	0.000	0.040	0.141	74.799	26.140	0.000
1177680.000	0.000	0.040	0.141	74.799	26.140	0.000
1177710.000	0.000	0.030	0.141	74.799	26.140	0.000
1177710.000	0.000	0.030	0.141	74.799	26.140	0.000
1177710.000	0.000	0.030	0.141	74.799	26.140	0.000
1177740.000	0.000	0.020	0.141	74.799	26.140	0.000
1177740.000	0.000	0.020	0.141	74.799	26.140	0.000
1177740.000	0.000	0.020	0.141	74.799	26.140	0.000
1177770.000	0.000	0.010	0.141	74.799	26.140	0.000
1177770.000	0.000	0.010	0.141	74.799	26.140	0.000
1177770.000	0.000	0.010	0.141	74.799	26.140	0.000
1177800.000	0.000	0.000	0.141	74.799	26.140	0.000
1177800.000	0.000	0.000	0.141	74.799	26.140	0.000
1177800.000	0.000	0.000	0.141	74.799	26.140	0.000
1177830.000	0.000	-0.010	0.141	74.799	26.140	0.000
1177830.000	0.000	-0.010	0.141	74.799	26.140	0.000
1177830.000	0.000	-0.010	0.141	74.799	26.140	0.000
1177860.000	0.000	-0.010	0.141	74.799	26.140	0.000
1177860.000	0.000	-0.010	0.141	74.799	26.140	0.000
1177860.000	0.000	-0.010	0.141	74.799	26.140	0.000
1177890.000	0.000	-0.020	0.125	74.799	26.140	0.000
1177890.000	0.000	-0.020	0.125	74.799	26.140	0.000
1177890.000	0.000	-0.020	0.125	74.799	26.140	0.000
1177920.000	0.000	-0.020	0.125	74.799	26.140	0.000
1177920.000	0.000	-0.020	0.125	74.799	26.140	0.000
1177920.000	0.000	-0.020	0.125	74.799	26.140	0.000
1177950.000	0.000	-0.030	0.125	74.799	26.140	0.000
1177950.000	0.000	-0.030	0.125	74.799	26.140	0.000
1177950.000	0.000	-0.030	0.125	74.799	26.140	0.000
1177980.000	0.000	-0.030	0.109	74.799	26.140	0.000
1177980.000	0.000	-0.030	0.109	74.799	26.140	0.000
1177980.000	0.000	-0.030	0.109	74.799	26.140	0.000
1178010.000	0.000	-0.030	0.094	74.799	26.140	0.000
1178010.000	0.000	-0.030	0.094	74.799	26.140	0.000
1178010.000	0.000	-0.030	0.094	74.799	26.140	0.000
1178040.000	0.000	-0.040	0.094	74.799	26.140	0.000
1178040.000	0.000	-0.040	0.094	74.799	26.140	0.000
1178040.000	0.000	-0.040	0.094	74.799	26.140	0.000
1178070.000	0.000	-0.040	0.078	74.799	26.140	0.000
1178070.000	0.000	-0.040	0.078	74.799	26.140	0.000
1178070.000	0.000	-0.040	0.078	74.799	26.140	0.000
1178100.000	0.000	-0.040	0.078	74.799	26.140	0.000
1178100.000	0.000	-0.040	0.078	74.799	26.140	0.000
1178100.000	0.000	-0.040	0.078	74.799	26.140	0.000
1178130.000	0.000	-0.040	0.062	74.799	26.140	0.000
1178130.000	0.000	-0.040	0.062	74.799	26.140	0.000
1178130.000	0.000	-0.040	0.062	74.799	26.140	0.000
1178160.000	0.000	-0.040	0.062	74.799	26.140	0.000
1178160.000	0.000	-0.040	0.062	74.799	26.140	0.000
1178160.000	0.000	-0.040	0.062	74.799	26.140	0.000
1178190.000	0.000	-0.040	0.047	74.799	26.140	0.000
1178190.000	0.000	-0.040	0.047	74.799	26.140	0.000
1178190.000	0.000	-0.040	0.047	74.799	26.140	0.000
1178220.000	0.000	-0.040	0.047	74.799	26.140	0.000
1178220.000	0.000	-0.040	0.047	74.799	26.140	0.000
1178220.000	0.000	-0.040	0.047	74.799	26.140	0.000
1178250.000	0.000	-0.040	0.031	74.799	26.140	0.000
1178250.000	0.000	-0.040	0.031	74.799	26.140	0.000
1178250.000	0.000	-0.040	0.031	74.799	26.140	0.000
1178280.000	0.000	-0.040	0.031	74.799	26.140	0.000
1178280.000	0.000	-0.040	0.031	74.799	26.140	0.000
1178280.000	0.000	-0.040	0.031	74.799	26.140	0.000
1178310.000	0.000	-0.040	0.031	74.799	26.140	0.000
1178310.000	0.000	-0.040	0.031	74.799	26.140	0.000
1178310.000	0.000	-0.040	0.031	74.799	26.140	0.000
1178340.000	0.000	-0.040	0.031	74.799	26.140	0.000
1178340.000	0.000	-0.040	0.031	74.799	26.140	0.000
1178340.000	0.000	-0.040	0.031	74.799	26.140	0.000
1178370.000	0.000	-0.030	0.016	74.799	26.140	0.000
1178370.000	0.000	-0.030	0.016	74.799	26.140	0.000
1178370.000	0.000	-0.030	0.016	74.799	26.140	0.000
1178400.000	0.000	-0.030	0.016	74.799	26.140	0.000
1178400.000	0.000	-0.030	0.016	74.799	26.140	0.000
1178400.000	0.000	-0.030	0.016	74.799	26.140	0.000
1178430.000	0.000	-0.030	0.016	74.799	26.140	0.000
1178430.000	0.000	-0.030	0.016	74.799	26.140	0.000
1178430.000	0.000	-0.030	0.016	74.799	26.140	0.000
1178460.000	0.000	-0.030	0.016	74.799	26.140	0.000
1178460.000	0.000	-0.030	0.016	74.799	26.140	0.000
1178460.000	0.000	-0.030	0.016	74.799	26.140	0.000
1178490.000	0.000	-0.030	0.016	74.799	26.140	0.000
1178490.000	0.000	-0.030	0.016	74.799	26.140	0.000
1178490.000	0.000	-0.030	0.016	74.799	26.140	0.000
1178520.000	0.000	-0.030	0.016	74.799	26.140	0.000
1178520.000	0.000	-0.030	0.016	74.799	26.140	0.000
1178520.000	0.000	-0.030	0.016	74.799	26.140	0.000
1178550.000	0.000	-0.030	0.016	74.799	26.140	0.000
1178550.000	0.000	-0.030	0.016	74.799	26.140	0.000
1178550.000	0.000	-0.030	0.016	74.799	26.140	0.000
1178580.000	0.000	-0.030	0.016	74.799	26.140	0.000
1178580.000	0.000	-0.030	0.016	74.799	26.140	0.000
1178580.000	0.000	-0.030	0.016	74.799	26.140	0.000
1178610.000	0.000	-0.030	0.016	74.799	26.140	0.000
1178610.000	0.000	-0.030	0.016	74.799	26.140	0.000
1178610.000	0.000	-0.030	0.016	74.799	26.140	0.000
1178640.000	0.000	-0.030	0.031	74.799	26.140	0.000
1178640.000	0.000	-0.030	0.031	74.799	26.140	0.000
1178640.000	0.000	-0.030	0.031	74.799	26.140	0.000
1178670.000	0.000	-0.030	0.031	74.799	26.140	0.000
1178670.000	0.000	-0.030	0.031	74.799	26.140	0.000
1178670.000	0.000	-0.030	0.031	74.799	26.140	0.000
1178700.000	0.000	-0.030	0.031	74.799	26.140	0.000
1178700.000	0.000	-0.030	0.031	74.799	26.140	0.000
1178700.000	0.000	-0.030	0.031	74.799	26.140	0.000
1178730.000	0.000	-0.030	0.031	74.799	26.140	0.000
1178730.000	0.000	-0.030	0.031	74.799	26.140	0.000
1178730.000	0.000	-0.030	0.031	74.799	26.140	0.000
1178760.000	0.000	-0.030	0.031	74.799	26.140	0.000
1178760.000	0.000	-0.030	0.031	74.799	26.140	0.000
1178760.000	0.000	-0.030	0.031	74.799	26.140	0.000
1178790.000	0.000	-0.030	0.031	74.799	26.140	0.000
1178790.000	0.000	-0.030	0.031	74.799	26.140	0.000
1178790.000	0.000	-0.030	0.031	74.799	26.140	0.000
1178820.000	0.000	-0.030	0.031	74.799	26.140	0.000
1178820.000	0.000	-0.030	0.031	74.799	26.140	0.000
1178820.000	0.000	-0.030	0.031	74.799	26.140	0.000
1178850.000	0.000	-0.030	0.031	74.799	26.140	0.000
1178850.000	0.000	-0.030	0.031	74.799	26.140	0.000
1178850.000	0.000	-0.030	0.031	74.799	26.140	0.000
1178880.000	0.000	-0.030	0.031	74.799	26.140	0.000
1178880.000	0.000	-0.030	0.031	74.799	26.140	0.000
1178880.000	0.000	-0.030	0.031	74.799	26.140	0.000
1178910.000	0.000	-0.030	0.031	74.799	26.140	0.000
1178910.000	0.000	-0.030	0.031	74.799	26.140	0.000
1178910.000	0.000	-0.030	0.031	74.799	26.140	0.000
1178940.000	0.000	-0.030	0.031	74.799	26.140	0.000
1178940.000	0.000	-0.030	0.031	74.799	26.140	0.000
1178940.000	0.000	-0.030	0.031	74.799	26.140	0.000
1178970.000	0.000	-0.030	0.031	74.799	26.140	0.000
1178970.000	0.000	-0.030	0.031	74.799	26.140	0.000
1178970.000	0.000	-0.030	0.031	74.799	26.140	0.000
1179000.000	0.000	-0.030	0.031	74.799	26.140	0.000
1179000.000	0.000	-0.030	0.031	74.799	26.140	0.000
1179000.000	0.000	-0.030	0.031	74.799	26.140	0.000
1179030.000	0.000	-0.030	0.031	74.799	26.140	0.000
1179030.000	0.000	-0.030	0.031	74.799	26.140	0.000
1179030.000	0.000	-0.030	0.031	74.799	26.140	0.000
1179060.000	0.000	-0.030	0.047	74.799	26.140	0.000
1179060.000	0.000	-0.030	0.047	74.799	26.140	0.000
1179060.000	0.000	-0.030	0.047	74.799	26.140	0.000
1179090.000	0.000	-0.030	0.031	74.799	26.140	0.000
1179090.000	0.000	-0.030	0.031	74.799	26.140	0.000
1179090.000	0.000	-0.030	0.031	74.799	26.140	0.000
1179120.000	0.000	-0.030	0.047	74.799	26.140	0.000
1179120.000	0.000	-0.030	0.047	74.799	26.140	0.000
1179120.000	0.000	-0.030	0.047	74.799	26.140	0.000
1179150.000	0.000	-0.030	0.031	74.799	26.140	0.000
1179150.000	0.000	-0.030	0.031	74.799	26.140	0.000
1179150.000	0.000	-0.030	0.031	74.799	26.140	0.000
1179180.000	0.000	-0.030	0.031	74.799	26.140	0.000
1179180.000	0.000	-0.030	0.031	74.799	26.140	0.000
1179180.000	0.000	-0.030	0.031	74.799	26.140	0.000
1179210.000	0.000	-0.030	0.031	74.799	26.140	0.000
1179210.000	0.000	-0.030	0.031	74.799	26.140	0.000
1179210.000	0.000	-0.030	0.031	74.799	26.140	0.000
1179240.000	0.000	-0.030	0.031	74.799	26.140	0.000
1179240.000	0.000	-0.030	0.031	74.799	26.140	0.000
1179240.000	0.000	-0.030	0.031	74.799	26.140	0.000
1179270.000	0.000	-0.030	0.031	74.799	26.140	0.000
1179270.000	0.000	-0.030	0.031	74.799	26.140	0.000
1179270.000	0.000	-0.030	0.031	74.799	26.140	0.000
1179300.000	0.000	-0.030	0.031	74.799	26.140	0.000
1179300.000	0.000	-0.030	0.031	74.799	26.140	0.000
1179300.000	0.000	-0.030	0.031	74.799	26.140	0.000
1179330.000	0.000	-0.030	0.031	74.799	26.140	0.000
1179330.000	0.000	-0.030	0.031	74.799	26.140	0.000
1179330.000	0.000	-0.030	0.031	74.799	26.140	0.000
1179360.000	0.000	-0.030	0.031	74.799	26.140	0.000
1179360.000	0.000	-0.030	0.031	74.799	26.140	0.000
1179360.000	0.000	-0.030	0.031	74.799	26.140	0.000
1179390.000	0.000	-0.030	0.031	74.799	26.140	0.000
1179390.000	0.000	-0.030	0.031	74.799	26.140	0.000
1179390.000	0.000	-0.030	0.031	74.799	26.140	0.000
1179420.000	0.000	-0.030	0.031	74.799	26.140	0.000
1179420.000	0.000	-0.030	0.031	74.799	26.140	0.000
1179420.000	0.000	-0.030	0.031	74.799	26.140	0.000
1179450.000	0.000	-0.030	0.031	74.799	26.140	0.000
1179450.000	0.000	-0.030	0.031	74.799	26.140	0.000
1179450.000	0.000	-0.030	0.031	74.799	26.140	0.000
1179480.000	0.000	-0.030	0.031	74.799	26.140	0.000
1179480.000	0.000	-0.030	0.031	74.799	26.140	0.000
1179480.000	0.000	-0.030	0.031	74.799	26.140	0.000
1179510.000	0.000	-0.030	0.031	74.799	26.140	0.000
1179510.000	0.000	-0.030	0.031	74.799	26.140	0.000
1179510.000	0.000	-0.030	0.031	74.799	26.140	0.000
1179540.000	0.000	-0.030	0.031	74.799	26.140	0.000
1179540.000	0.000	-0.030	0.031	74.799	26.140	0.000
1179540.000	0.000	-0.030	0.031	74.799	26.140	0.000
1179570.000	0.000	-0.030	0.031	74.799	26.140	0.000
1179570.000	0.000	-0.030	0.031	74.799	26.140	0.000
1179570.000	0.000	-0.030	0.031	74.799	26.140	0.000
1179600.000	0.000	-0.030	0.031	74.799	26.140	0.000
1179600.000	0.000	-0.030	0.031	74.799	26.140	0.000
1179600.000	0.000	-0.030	0.031	74.799	26.140	0.000
1179630.000	0.000	-0.030	0.031	74.799	26.140	0.000
1179630.000	0.000	-0.030	0.031	74.799	26.140	0.000
1179630.000	0.000	-0.030	0.031	74.799	26.140	0.000
1179660.000	0.000	-0.030	0.031	74.799	26.140	0.000
1179660.000	0.000	-0.030	0.031	74.799	26.140	0.000
1179660.000	0.000	-0.030	0.031	74.799	26.140	0.000
1179690.000	0.000	-0.030	0.031	74.799	26.140	0.000
1179690.000	0.000	-0.030	0.031	74.799	26.140	0.000
1179690.000	0.000	-0.030	0.031	74.799	26.140	0.000
1179720.000	0.000	-0.030	0.031	74.799	26.140	0.000
1179720.000	0.000	-0.030	0.031	74.799	26.140	0.000
1179720.000	0.000	-0.030	0.031	74.799	26.140	0.000
1179750.000	0.000	-0.030	0.031	74.799	26.140	0.000
1179750.000	0.000	-0.030	0.031	74.799	26.140	0.000
1179750.000	0.000	-0.030	0.031	74.799	26.140	0.000
1179780.000	0.000	-0.030	0.016	74.799	26.140	0.000
1179780.000	0.000	-0.030	0.016	74.799	26.140	0.000
1179780.000	0.000	-0.030	0.016	74.799	26.140	0.000
1179810.000	0.000	-0.030	0.016	74.799	26.140	0.000
1179810.000	0.000	-0.030	0.016	74.799	26.140	0.000
1179810.000	0.000	-0.030	0.016	74.799	26.140	0.000
1179840.000	0.000	-0.030	0.016	74.799	26.140	0.000
1179840.000	0.000	-0.030	0.016	74.799	26.140	0.000
1179840.000	0.000	-0.030	0.016	74.799	26.140	0.000
1179870.000	0.000	-0.030	0.016	74.799	26.140	0.000
1179870.000	0.000	-0.030	0.016	74.799	26.140	0.000
1179870.000	0.000	-0.030	0.016	74.799	26.140	0.000
1179900.000	0.000	-0.020	0.016	74.799	26.140	0.000
1179900.000	0.000	-0.020	0.016	74.799	26.140	0.000
1179900.000	0.000	-0.020	0.016	74.799	26.140	0.000
1179930.000	0.000	-0.020	0.016	74.799	26.140	0.000
1179930.000	0.000	-0.020	0.016	74.799	26.140	0.000
1179930.000	0.000	-0.020	0.016	74.799	26.140	0.000
1179960.000	0.000	-0.020	0.016	74.799	26.140	0.000
1179960.000	0.000	-0.020	0.016	74.799	26.140	0.000
1179960.000	0.000	-0.020	0.016	74.799	26.140	0.000
1179990.000	0.000	-0.020	0.000	74.799	26.140	0.000
1179990.000	0.000	-0.020	0.000	74.799	26.140	0.000
1179990.000	0.000	-0.020	0.000	74.799	26.140	0.000
1180020.000	0.000	-0.020	0.000	74.799	26.140	0.000
1180020.000	0.000	-0.020	0.000	74.799	26.140	0.000
1180020.000	0.000	-0.020	0.000	74.799	26.140	0.000
1180050.000	0.000	-0.020	0.000	74.799	26.140	0.000
1180050.000	0.000	-0.020	0.000	74.799	26.140	0.000
1180050.000	0.000	-0.020	0.000	74.799	26.140	0.000
1180080.000	0.000	-0.020	0.000	74.799	26.140	0.000
1180080.000	0.000	-0.020	0.000	74.799	26.140	0.000
1180080.000	0.000	-0.020	0.000	74.799	26.140	0.000
1180110.000	0.000	-0.020	0.000	74.799	26.140	0.000
1180110.000	0.000	-0.020	0.000	74.799	26.140	0.000
1180110.000	0.000	-0.020	0.000	74.799	26.140	0.000
1180140.000	0.000	-0.020	0.000	74.799	26.140	0.000
1180140.000	0.000	-0.020	0.000	74.799	26.140	0.000
1180140.000	0.000	-0.020	0.000	74.799	26.140	0.000
1180170.000	0.000	-0.020	0.000	74.799	26.140	0.000
1180170.000	0.000	-0.020	0.000	74.799	26.140	0.000
1180170.000	0.000	-0.020	0.000	74.799	26.140	0.000
1180200.000	0.000	-0.020	0.000	74.799	26.140	0.000
1180200.000	0.000	-0.020	0.000	74.799	26.140	0.000
1180200.000	0.000	-0.020	0.000	74.799	26.140	0.000
1180230.000	0.000	-0.020	0.000	74.799	26.140	0.000
1180230.000	0.000	-0.020	0.000	74.799	26.140	0.000
1180230.000	0.000	-0.020	0.000	74.799	26.140	0.000
1180260.000	0.000	-0.020	0.000	74.799	26.140	0.000
1180260.000	0.000	-0.020	0.000	74.799	26.140	0.000
1180260.000	0.000	-0.020	0.000	74.799	26.140	0.000
1180290.000	0.000	-0.020	0.000	74.799	26.140	0.000
1180290.000	0.000	-0.020	0.000	74.799	26.140	0.000
1180290.000	0.000	-0.020	0.000	74.799	26.140	0.000
1180320.000	0.000	-0.020	0.016	74.799	26.140	0.000
1180320.000	0.000	-0.020	0.016	74.799	26.140	0.000
1180320.000	0.000	-0.020	0.016	74.799	26.140	0.000
1180350.000	0.000	-0.020	0.016	74.799	26.140	0.000
1180350.000	0.000	-0.020	0.016	74.799	26.140	0.000
1180350.000	0.000	-0.020	0.016	74.799	26.140	0.000
1180380.000	0.000	-0.020	0.016	74.799	26.140	0.000
1180380.000	0.000	-0.020	0.016	74.799	26.140	0.000
1180380.000	0.000	-0.020	0.016	74.799	26.140	0.000
1180410.000	0.000	-0.020	0.016	74.799	26.140	0.000
1180410.000	0.000	-0.020	0.016	74.799	26.140	0.000
1180410.000	0.000	-0.020	0.016	74.799	26.140	0.000
1180440.000	0.000	-0.020	0.016	74.799	26.140	0.000
1180440.000	0.000	-0.020	0.016	74.799	26.140	0.000
1180440.000	0.000	-0.020	0.016	74.799	26.140	0.000
1180470.000	0.000	-0.020	0.016	74.799	26.140	0.000
1180470.000	0.000	-0.020	0.016	74.799	26.140	0.000
1180470.000	0.000	-0.020	0.016	74.799	26.140	0.000
1180500.000	0.000	-0.020	0.016	74.799	26.140	0.000
1180500.000	0.000	-0.020	0.016	74.799	26.140	0.000
1180500.000	0.000	-0.020	0.016	74.799	26.140	0.000
1180530.000	0.000	-0.020	0.016	74.799	26.140	0.000
1180530.000	0.000	-0.020	0.016	74.799	26.140	0.000
1180530.000	0.000	-0.020	0.016	74.799	26.140	0.000
1180560.000	0.000	-0.020	0.016	74.799	26.140	0.000
1180560.000	0.000	-0.020	0.016	74.799	26.140	0.000
1180560.000	0.000	-0.020	0.016	74.799	26.140	0.000
1180590.000	0.000	-0.020	0.016	74.799	26.140	0.000
1180590.000	0.000	-0.020	0.016	74.799	26.140	0.000
1180590.000	0.000	-0.020	0.016	74.799	26.140	0.000
1180620.000	0.000	-0.020	0.031	74.799	26.140	0.000
1180620.000	0.000	-0.020	0.031	74.799	26.140	0.000
1180620.000	0.000	-0.020	0.031	74.799	26.140	0.000
1180650.000	0.000	-0.020	0.016	74.799	26.140	0.000
1180650.000	0.000	-0.020	0.016	74.799	26.140	0.000
1180650.000	0.000	-0.020	0.016	74.799	26.140	0.000
1180680.000	0.000	-0.020	0.031	74.799	26.140	0.000
1180680.000	0.000	-0.020	0.031	74.799	26.140	0.000
1180680.000	0.000	-0.020	0.031	74.799	26.140	0.000
1180710.000	0.000	-0.020	0.031	74.799	26.140	0.000
1180710.000	0.000	-0.020	0.031	74.799	26.140	0.000
1180710.000	0.000	-0.020	0.031	74.799	26.140	0.000
1180740.000	0.000	-0.020	0.016	74.799	26.140	0.000
1180740.000	0.000	-0.020	0.016	74.799	26.140	0.000
1180740.000	0.000	-0.020	0.016	74.799	26.140	0.000
1180770.000	0.000	-0.020	0.031	74.799	26.140	0.000
1180770.000	0.000	-0.020	0.031	74.799	26.140	0.000
1180770.000	0.000	-0.020	0.031	74.799	26.140	0.000
1180800.000	0.000	-0.020	0.016	74.799	26.140	0.000
1180800.000	0.000	-0.020	0.016	74.799	26.140	0.000
1180800.000	0.000	-0.020	0.016	74.799	26.140	0.000
1180830.000	0.000	-0.020	0.016	74.799	26.140	0.000
1180830.000	0.000	-0.020	0.016	74.799	26.140	0.000
1180830.000	0.000	-0.020	0.016	74.799	26.140	0.000
1180860.000	0.000	-0.020	0.016	74.799	26.140	0.000
1180860.000	0.000	-0.020	0.016	74.799	26.140	0.000
1180860.000	0.000	-0.020	0.016	74.799	26.140	0.000
1180890.000	0.000	-0.020	0.016	74.799	26.140	0.000
1180890.000	0.000	-0.020	0.016	74.799	26.140	0.000
1180890.000	0.000	-0.020	0.016	74.799	26.140	0.000
1180920.000	0.000	-0.020	0.016	74.799	26.140	0.000
1180920.000	0.000	-0.020	0.016	74.799	26.140	0.000
1180920.000	0.000	-0.020	0.016	74.799	26.140	0.000
1180950.000	0.000	-0.020	0.016	74.799	26.140	0.000
1180950.000	0.000	-0.020	0.016	74.799	26.140	0.000
1180950.000	0.000	-0.020	0.016	74.799	26.140	0.000
1180980.000	0.000	-0.020	0.016	74.799	26.140	0.000
1180980.000	0.000	-0.020	0.016	74.799	26.140	0.000
1180980.000	0.000	-0.020	0.016	74.799	26.140	0.000
1181010.000	0.000	-0.020	0.016	74.799	26.140	0.000
1181010.000	0.000	-0.020	0.016	74.799	26.140	0.000
1181010.000	0.000	-0.020	0.016	74.799	26.140	0.000
1181040.000	0.000	-0.020	0.016	74.799	26.140	0.000
1181040.000	0.000	-0.020	0.016	74.799	26.140	0.000
1181040.000	0.000	-0.020	0.016	74.799	26.140	0.000
1181070.000	0.000	-0.020	0.016	74.799	26.140	0.000
1181070.000	0.000	-0.020	0.016	74.799	26.140	0.000
1181070.000	0.000	-0.020	0.016	74.799	26.140	0.000
1181100.000	0.000	-0.020	0.016	74.799	26.140	0.000
1181100.000	0.000	-0.020	0.016	74.799	26.140	0.000
1181100.000	0.000	-0.020	0.016	74.799	26.140	0.000
1181130.000	0.000	-0.020	0.016	74.799	26.140	0.000
1181130.000	0.000	-0.020	0.016	74.799	26.140	0.000
1181130.000	0.000	-0.020	0.016	74.799	26.140	0.000
1181160.000	0.000	-0.020	0.000	74.799	26.140	0.000
1181160.000	0.000	-0.020	0.000	74.799	26.140	0.000
1181160.000	0.000	-0.020	0.000	74.799	26.140	0.000
1181190.000	0.000	-0.020	0.016	74.799	26.140	0.000
1181190.000	0.000	-0.020	0.016	74.799	26.140	0.000
1181190.000	0.000	-0.020	0.016	74.799	26.140	0.000
1181220.000	0.000	-0.020	0.016	74.799	26.140	0.000
1181220.000	0.000	-0.020	0.016	74.799	26.140	0.000
1181220.000	0.000	-0.020	0.016	74.799	26.140	0.000
1181250.000	0.000	-0.020	0.016	74.799	26.140	0.000
1181250.000	0.000	-0.020	0.016	74.799	26.140	0.000
1181250.000	0.000	-0.020	0.016	74.799	26.140	0.000
1181280.000	0.000	-0.020	0.016	74.799	26.140	0.000
1181280.000	0.000	-0.020	0.016	74.799	26.140	0.000
1181280.000	0.000	-0.020	0.016	74.799	26.140	0.000
1181310.000	0.000	-0.020	0.016	74.799	26.140	0.000
1181310.000	0.000	-0.020	0.016	74.799	26.140	0.000
1181310.000	0.000	-0.020	0.016	74.799	26.140	0.000
1181340.000	0.000	-0.020	0.016	74.799	26.140	0.000
1181340.000	0.000	-0.020	0.016	74.799	26.140	0.000
1181340.000	0.000	-0.020	0.016	74.799	26.140	0.000
1181370.000	0.000	-0.020	0.016	74.799	26.140	0.000
1181370.000	0.000	-0.020	0.016	74.799	26.140	0.000
1181370.000	0.000	-0.020	0.016	74.799	26.140	0.000
1181400.000	0.000	-0.020	0.016	74.799	26.140	0.000
1181400.000	0.000	-0.020	0.016	74.799	26.140	0.000
1181400.000	0.000	-0.020	0.016	74.799	26.140	0.000
1181430.000	0.000	-0.020	0.016	74.799	26.140	0.000
1181430.000	0.000	-0.020	0.016	74.799	26.140	0.000
1181430.000	0.000	-0.020	0.016	74.799	26.140	0.000
1181460.000	0.000	-0.020	0.016	74.799	26.140	0.000
1181460.000	0.000	-0.020	0.016	74.799	26.140	0.000
1181460.000	0.000	-0.020	0.016	74.799	26.140	0.000
1181490.000	0.000	-0.020	0.016	74.799	26.140	0.000
1181490.000	0.000	-0.020	0.016	74.799	26.140	0.000
1181490.000	0.000	-0.020	0.016	74.799	26.140	0.000
1181520.000	0.000	-0.020	0.016	74.799	26.140	0.000
1181520.000	0.000	-0.020	0.016	74.799	26.140	0.000
1181520.000	0.000	-0.020	0.016	74.799	26.140	0.000
1181550.000	0.000	-0.020	0.016	74.799	26.140	0.000
1181550.000	0.000	-0.020	0.016	74.799	26.140	0.000
1181550.000	0.000	-0.020	0.016	74.799	26.140	0.000
1181580.000	0.000	-0.020	0.016	74.799	26.140	0.000
1181580.000	0.000	-0.020	0.016	74.799	26.140	0.000
1181580.000	0.000	-0.020	0.016	74.799	26.140	0.000
1181610.000	0.000	-0.020	0.016	74.799	26.140	0.000
1181610.000	0.000	-0.020	0.016	74.799	26.140	0.000
1181610.000	0.000	-0.020	0.016	74.799	26.140	0.000
1181640.000	0.000	-0.020	0.000	74.799	26.140	0.000
1181640.000	0.000	-0.020	0.000	74.799	26.140	0.000
1181640.000	0.000	-0.020	0.000	74.799	26.140	0.000
1181670.000	0.000	-0.020	0.000	74.799	26.140	0.000
1181670.000	0.000	-0.020	0.000	74.799	26.140	0.000
1181670.000	0.000	-0.020	0.000	74.799	26.140	0.000
1181700.000	0.000	-0.020	0.000	74.799	26.140	0.000
1181700.000	0.000	-0.020	0.000	74.799	26.140	0.000
1181700.000	0.000	-0.020	0.000	74.799	26.140	0.000
1181730.000	0.000	-0.020	0.000	74.799	26.140	0.000
1181730.000	0.000	-0.020	0.000	74.799	26.140	0.000
1181730.000	0.000	-0.020	0.000	74.799	26.140	0.000
1181760.000	0.000	-0.020	0.000	74.799	26.140	0.000
1181760.000	0.000	-0.020	0.000	74.799	26.140	0.000
1181760.000	0.000	-0.020	0.000	74.799	26.140	0.000
1181790.000	0.000	-0.020	0.000	74.799	26.140	0.000
1181790.000	0.000	-0.020	0.000	74.799	26.140	0.000
1181790.000	0.000	-0.020	0.000	74.799	26.140	0.000
1181820.000	0.000	-0.020	0.000	74.799	26.140	0.000
1181820.000	0.000	-0.020	0.000	74.799	26.140	0.000
1181820.000	0.000	-0.020	0.000	74.799	26.140	0.000
1181850.000	0.000	-0.020	0.000	74.799	26.140	0.000
1181850.000	0.000	-0.020	0.000	74.799	26.140	0.000
1181850.000	0.000	-0.020	0.000	74.799	26.140	0.000
1181880.000	0.000	-0.020	0.000	74.799	26.140	0.000
1181880.000	0.000	-0.020	0.000	74.799	26.140	0.000
1181880.000	0.000	-0.020	0.000	74.799	26.140	0.000
1181910.000	0.000	-0.020	0.000	74.799	26.140	0.000
1181910.000	0.000	-0.020	0.000	74.799	26.140	0.000
1181910.000	0.000	-0.020	0.000	74.799	26.140	0.000
1181940.000	0.000	-0.020	0.000	74.799	26.140	0.000
1181940.000	0.000	-0.020	0.000	74.799	26.140	0.000
1181940.000	0.000	-0.020	0.000	74.799	26.140	0.000
1181970.000	0.000	-0.020	0.000	74.799	26.140	0.000
1181970.000	0.000	-0.020	0.000	74.799	26.140	0.000
1181970.000	0.000	-0.020	0.000	74.799	26.140	0.000
1182000.000	0.000	-0.020	0.000	74.799	26.140	0.000
1182000.000	0.000	-0.020	0.000	74.799	26.140	0.000
1182000.000	0.000	-0.020	0.000	74.799	26.140	0.000
1182030.000	0.000	-0.020	0.000	74.799	26.140	0.000
1182030.000	0.000	-0.020	0.000	74.799	26.140	0.000
1182030.000	0.000	-0.020	0.000	74.799	26.140	0.000
1182060.000	0.000	-0.020	0.000	74.799	26.140	0.000
1182060.000	0.000	-0.020	0.000	74.799	26.140	0.000
1182060.000	0.000	-0.020	0.000	74.799	26.140	0.000
1182090.000	0.000	-0.020	0.000	74.799	26.140	0.000
1182090.000	0.000	-0.020	0.000	74.799	26.140	0.000
1182090.000	0.000	-0.020	0.000	74.799	26.140	0.000
1182120.000	0.000	-0.020	0.000	74.799	26.140	0.000
1182120.000	0.000	-0.020	0.000	74.799	26.140	0.000
1182120.000	0.000	-0.020	0.000	74.799	26.140	0.000
1182150.000	0.000	-0.020	0.000	74.799	26.140	0.000
1182150.000	0.000	-0.020	0.000	74.799	26.140	0.000
1182150.000	0.000	-0.020	0.000	74.799	26.140	0.000
1182180.000	0.000	-0.020	0.000	74.799	26.140	0.000
1182180.000	0.000	-0.020	0.000	74.799	26.140	0.000
1182180.000	0.000	-0.020	0.000	74.799	26.140	0.000
1182210.000	0.000	-0.020	0.000	74.799	26.140	0.000
